100 100
-9962 -2281 -8762 -7563 -1145 1797 -1635 2285 450 612 -4147 -1900 -8858 -9719 -9463 5921 -1055 -3715 -7003 4680 -9024 1891 -8345 -4094 8457 -8677 -1119 -7760 -275 2278 -7554 -9410 -9160 8587 6907 -8763 -6389 2617 2456 -9133 -467 -3122 -1777 7887 1597 -9416 2212 1111 -2422 7066 -2371 -596 2279 3505 -5612 1649 2329 -2824 -7669 9264 -7886 4136 -3072 -8898 -8348 -1596 -5663 -2144 -4402 -5228 4097 3213 -5317 6703 5260 5942 -7253 -2625 -1129 8004 6673 -6848 1819 -6496 -9761 -5814 -7196 -1063 -6977 335 -9467 -8607 6020 1574 -4017 3961 -9376 -2935 -2431 2830 
-5833 2236 1249 -6364 5619 -4273 2700 -5677 4922 -7226 -3189 2062 -6435 -4809 -9881 8747 -3950 9620 6334 -4032 7524 -6423 5046 -4469 4458 -728 -3470 2134 2581 -9565 1667 -840 -3186 -358 -9024 2527 -6177 -8906 -8232 -756 3824 4021 807 -704 -3274 4263 -6360 -8938 -953 5080 747 5328 113 -8817 6759 2743 6891 1494 -2639 -867 -1428 -1349 -1746 -1530 -6981 -6026 -1179 -9178 -8090 1452 248 2156 9911 3475 -3564 -9281 -3612 -8745 -6553 8840 -1146 6493 4755 1841 -3796 -3833 -5184 -3444 2001 -4073 214 -5449 -917 -7721 1674 -5154 7014 -8201 -3335 5537 
-7440 -3048 5875 -9640 86 -4150 -9478 -8267 9455 -9743 -4532 9097 -1225 -7859 -1060 -823 -4257 281 -3384 -878 2147 2612 391 8523 -868 1695 65 -694 1175 -4121 1027 -5767 -5947 -9053 -1518 -838 7701 3744 3456 -7255 -5409 -3141 2814 1313 5794 -7346 -5935 6018 2577 -3217 -1112 594 7208 8405 1676 -5503 -666 477 8120 7025 -7370 -9748 -8628 -7755 1966 -8939 -3843 2489 859 2110 -1425 -8060 -5636 926 -9307 -8103 -5585 2089 -8 2660 -4919 -5104 -1689 -3021 7978 -3646 6958 -6302 -6864 3703 3258 -4357 7723 2383 -8197 6526 -6991 -810 -7525 9502 
-1422 -1749 3854 -8116 -6898 2754 -2965 -3048 -9946 -4218 2298 -8363 -9999 -1885 -1874 -483 -2768 -3677 -3468 -1035 -412 726 9453 -5807 -3522 -7912 5529 6267 -3273 -5106 7572 752 1857 -2639 -8090 4619 -8194 -3090 -907 -8793 112 -7507 126 -5665 -3088 5905 -4636 -9160 -8574 -3937 -4664 -7390 -2199 -8670 -1063 1402 -1865 -2929 -1299 -492 -2808 -2460 2609 -6281 -6320 2518 -2 -6199 -6766 -7764 4077 4621 1203 8870 1101 5449 -1778 -7998 -4686 1581 -5464 -4321 5711 8561 -7513 2339 -7801 5695 6687 1851 2113 2065 -4851 2466 -5766 -4421 7943 -3613 -4449 -1908 
-1484 -6462 -8709 -8686 6392 -4392 -8050 -5316 -3597 -6659 -1249 2691 1451 5932 7411 1291 -6042 9313 1823 -346 7036 1605 -8806 3067 -6900 -6258 5654 3205 -6705 -6016 -9359 -4994 -5622 1593 2759 -4898 -2040 -404 4042 -9409 -7705 -6100 -1452 -1341 -3727 4395 -7940 -6953 -178 3779 4808 25 6072 3861 6018 -2279 -8081 -3055 1102 4860 2062 -6251 9211 2599 382 -1319 7064 3962 -5367 1770 -1080 2266 -430 -6379 -2471 -173 5091 -697 -5774 -7842 -6713 -8461 3019 -1216 -103 -5965 -3167 1779 -9156 -846 298 -1495 1325 -6294 5381 -6067 -9386 -5878 1046 2797 
-2875 -6278 2769 -651 -8036 8417 5077 -995 -2327 -1529 -5189 -6969 8697 -5641 -6193 -703 8297 2663 -7010 6002 -9123 3419 -3248 -8206 -3692 -8538 -2087 -6310 8604 -5101 9802 6207 2594 -7836 6413 -7975 1581 1240 -8399 -6839 -1460 7602 -2334 -7686 2156 -4488 2781 -5370 5806 -5671 -446 -7236 9689 -5710 -9461 3777 -7476 819 2972 -5674 6871 573 4988 -7048 4650 6159 -1917 -3443 7821 -1758 1300 -5507 -9646 -2479 -1491 5503 904 7005 2108 2007 -9358 -4656 693 4988 6712 -7712 -8319 -4034 -837 2391 1369 1607 9070 -4400 6515 4257 -8348 2660 -2116 2521 
1221 -153 8327 1059 8837 4172 -3995 1407 -7754 2352 -7787 -4422 -4228 533 -7554 -6633 -7487 -2259 2299 6799 -3669 9147 5782 1847 -1077 9780 -4680 -7262 2872 -4565 1631 7270 6843 2446 -1071 -6621 -4917 -4149 -4847 3841 1852 3799 1776 4729 -7692 912 -667 1911 -2274 -4127 7232 -1122 -2813 -2522 -8165 -5331 -1483 -9423 594 705 -7667 -5556 -1291 1467 888 -3296 7611 1667 -7826 -6794 -8871 8237 -2844 2331 6036 -2533 -1118 7081 -7789 707 5814 -2748 5113 -8269 266 -9406 -207 -6990 4468 -273 -1910 -5368 -2259 -3537 1445 1857 -379 2021 -2867 7533 
-2059 308 2055 5036 -4972 -9564 -4279 -1271 -2194 -5240 -656 388 -1391 -2659 -4403 -5420 -1142 2357 1792 -9651 -2704 469 -8185 -3778 6015 -3844 -424 190 -7864 997 -8722 -4951 1127 8046 6849 -9243 1334 -3430 8121 8682 608 -7980 -6365 -639 -7529 4181 -7867 6347 2698 -6552 143 -6522 -7951 -7988 -5966 -1428 6059 7770 -5290 -5700 -6869 -9497 7622 5213 -7538 -7572 -7089 2464 5840 -3771 -3990 6118 800 -9642 -9067 2114 433 -3756 -9112 -2657 3506 739 -3738 9733 2144 7836 -9197 -1064 -9543 -3790 -1370 866 -9867 -5547 -8001 -9581 -879 118 -7718 -2234 
5612 -4660 -6812 -7707 -4426 -4682 -1043 -785 -8251 -958 127 -5191 -3319 -4850 47 -237 -6173 4621 9201 -2963 6546 -8500 2224 -6727 -9266 1653 -3202 -1710 -2504 -2636 -3895 350 3313 -5896 -7216 -7376 4106 -9668 4532 3473 -2116 8519 -9166 1216 -391 -1744 2191 -2473 -1053 -6682 -2667 -3248 -7428 -9520 6558 -5176 893 -6512 4366 7843 -6805 2765 5702 1680 -5561 6993 -2123 2222 2020 2256 -9806 -689 6526 426 -4984 -2340 6122 3987 1873 -2471 3880 6385 -8442 4427 8768 6181 -9899 5527 -6132 1774 9141 -4980 1042 -1654 -202 -7932 86 -1089 -1892 359 
1389 6457 3118 -1071 2036 949 -8759 7701 -734 -8611 -2629 7586 -1093 -524 2029 -2203 4583 5685 8736 -2993 6818 5367 1051 -1768 -459 180 1763 -3165 1413 1802 -8627 -3996 -3733 7265 2352 7840 -9468 -3922 6335 -940 -1462 -8137 -2859 -3943 -5630 -4712 -79 -8474 -1321 6726 -2555 1430 -1337 -910 -1719 44 -5284 528 -395 -5388 5182 3577 -5105 -4948 -2840 -4178 -8414 -7901 -5192 2238 -4624 -3616 -7350 233 8744 -8154 679 -283 -2565 2743 -6598 -607 1388 -8489 -541 -6263 -1657 -5582 -9264 -7063 -1260 2880 -9015 -6347 3083 327 -3446 -6071 -2551 -8926 
-7818 -2644 -5532 -5982 5066 -7398 2684 -4526 -6160 163 2259 -33 -6922 -8338 -9634 503 -674 -94 -5764 -3919 6519 -90 1990 -5874 -8756 -2586 2440 -1186 -9381 -9799 5680 -2554 -7192 6402 -956 -9536 -2605 1268 -5896 -3068 -4537 -1703 1408 1414 4021 -8908 -8413 512 -6015 -1370 7217 -7151 -2566 -2002 -8714 -5850 -8784 7284 -5041 -7272 -2495 3912 -7812 -8330 -7563 4774 1719 -540 -1237 5341 -9979 5060 7219 -8240 -2614 -5003 3453 3133 2434 5881 -782 5212 5101 7771 834 -5590 -8502 2064 -5475 -1113 -3577 -9859 -8186 -548 -9704 5818 5189 2145 -26 7830 
-3556 -5410 7626 2011 -3620 -5839 6491 -7213 -9416 -1649 -6141 2570 -3590 -9074 3961 822 -7787 -4062 4907 -9707 -7908 -3418 -9127 -106 4593 798 -7574 -5797 -289 -3077 1241 -9604 -2004 -8865 8752 -9520 -4182 -1087 -6728 -3448 6605 -7565 -7472 4316 -222 -5918 892 3370 125 7262 -7104 4572 -6797 -8229 -3859 -8854 1642 9814 1178 -2785 -4211 9020 -489 -1088 1893 2216 -130 -6293 -7068 -2901 3308 -548 3620 657 2511 -1834 1904 -9343 -5985 2016 -8735 -1818 -5743 -1587 -5557 -8180 -1686 -639 -327 -6516 -3439 -4207 502 -5684 -2967 -3478 -4179 7424 -2371 8244 
-8204 6838 -4035 -2888 8485 1713 6984 -1056 -2867 1971 -4758 -5249 1544 3617 -9272 -1359 -9235 66 -2727 323 -2619 -3320 3223 9718 6530 -9806 2614 8832 9454 -8527 -2219 3956 -1758 -5015 -8365 2083 -8264 8346 -700 -6909 -3518 1472 -796 2031 1628 -9160 -9622 5391 9951 1349 8385 5049 -4552 -1679 -9549 1016 -7847 -4457 551 -7156 -3857 9729 6253 -8750 -3532 9901 6199 -8922 -1339 -3274 4682 9286 -1738 7952 -7371 -9831 324 -7757 -8542 -7889 -7381 -5220 -6421 -5750 -1766 -6480 -7826 -9442 1252 5219 3395 789 -1544 -8391 6382 6615 3507 3146 2097 -9496 
-1772 -4629 -8700 -4943 848 -9366 -7801 -989 6728 5338 2390 5562 -7784 -4559 -4194 31 -687 -3026 5264 -7472 -535 8350 3027 -3708 -6287 2720 -6625 1545 1991 -6680 -9976 -3535 -4147 -2078 6423 5709 986 248 6687 -5736 848 -7243 -9298 279 -4978 -86 6275 -8577 1478 8496 -7073 -3881 1873 -9968 6815 -96 -2622 -4512 -7383 6387 -5384 2223 -5532 -3543 -1064 -2398 7501 2625 -4517 1792 -5176 -1443 -860 -4981 1331 -8658 5684 7984 -2783 -7310 -3263 257 -5914 -3398 -7452 -3136 3150 1873 -7565 7455 -5869 -742 2447 -1306 8175 441 -3138 -1707 -3378 7733 
-7717 -9302 -5336 9756 5580 -539 9389 -1785 -3852 -757 1889 -512 779 -4920 -6005 -4670 -533 -8585 -5783 -3393 -1684 -5945 -186 4360 1074 2006 -7858 -3000 -2843 -3775 513 3505 1090 2208 -7481 4348 -4944 -8692 1859 -2933 -8811 3714 -5429 -1134 -3190 2604 855 1429 -2100 -3938 -2313 -6253 5365 -4162 1738 -6332 -2773 -8761 6700 -4514 7638 -7248 -9457 -1506 -4488 1993 -9810 1286 -8328 -795 -9634 -4319 -513 -1537 -9434 -1361 6183 -4106 -5263 -2659 8721 -1926 -9439 8788 -8554 5708 -3386 -1994 -2304 -4095 -5105 -1660 -5734 -5656 -6208 -3741 3685 -4468 1573 -3552 
1516 315 -3291 2386 -1286 -3480 -8261 -289 -2229 -5170 -6879 -6718 -1600 -2698 -7442 -7541 -9129 1691 -1438 -9561 7643 -7444 -6433 -3999 -9481 -174 -1861 -8023 4881 -1262 -9485 -2892 -5643 757 97 -6715 -2322 -7578 9905 -9013 -8643 -2820 3665 -8918 707 -3207 -2809 -354 -5599 -5839 -6424 -4355 -478 -6289 581 -9699 791 -1323 -56 8599 -1564 1795 192 -1462 1945 -6534 6074 -3902 -9212 -3327 -3791 5530 1476 -1401 -6873 351 545 1098 -8236 2167 2010 -8616 -9411 -6685 -1377 -6604 7593 -7231 -1311 -5573 -5327 -3147 3750 -9145 9270 1864 5249 2035 -4105 -6447 
-7486 1281 -2718 564 -6422 -5671 5675 5704 -9886 3506 -8164 8766 -9876 -490 -9588 -5250 1369 1601 1746 -8140 -7427 -438 7963 -917 -8640 -8123 -2565 -9320 1686 4104 -4544 8923 -9839 -7475 -915 -9758 -6602 -2504 -4346 -3858 -19 -1191 -6009 -2119 9917 -8492 5722 728 -8520 9823 -3255 190 -5518 -4917 -2672 -126 -904 -4281 -9065 -1726 -7649 -6495 9759 -8441 -3366 -114 -2470 -8822 -7952 -6419 -3488 2904 780 -2233 -4161 4882 -9289 -8999 -7854 -3592 5508 -8939 1781 72 5674 -9050 -2312 2657 -2377 5811 -1261 9324 -1373 -3578 6745 -3107 -2333 -5652 -4912 -8617 
-4609 5951 -2592 -3922 3206 -7357 -3991 9297 2113 -6033 -2822 9191 -1627 -179 -161 -9256 3852 -3293 1371 -1360 8742 -3982 9142 -9024 44 5854 -999 2598 -938 8399 792 -5906 -8723 -2440 1070 6296 1859 2743 -5840 348 -8126 1500 -7046 5324 -7709 -6195 -5073 1145 8704 1481 -7424 -2120 8780 7244 -6838 -5467 -1887 -1774 -9020 -7575 -7783 3263 857 8409 -1535 2015 -1292 -8033 -6901 -7735 -9031 -8579 -4732 -183 -5444 -8401 7846 -2242 -7924 -8400 -3634 -7711 -8785 -1792 -7568 3592 1140 8228 3561 2314 -2683 1742 -330 1668 6364 -1345 -2301 -7493 -4905 -9654 
4423 -2014 911 -1637 5710 -5282 -3835 -4648 -1546 6856 -2658 4903 -578 -428 -9231 5232 -5540 3440 -1090 9988 3566 -754 -9950 2622 -7052 9541 -8888 6089 -1060 -7115 3490 -766 -3843 -118 1176 8415 4136 8195 2144 -2768 -2405 -3917 5038 773 5208 2279 7662 -3823 759 -6102 560 1901 -5481 8038 323 -1248 7482 -149 2694 -3875 8594 -6187 3483 -8562 -4074 -567 -4484 -8720 -4838 -3713 -4046 -1570 4350 -9145 -3964 -9678 -8027 8325 2957 -9494 -1016 -1953 -495 -4248 -5204 57 2225 -5636 -1230 -5698 -3043 -8891 -4946 -3390 4842 -8618 -4742 6854 -5755 822 
5388 -7076 4006 -1014 3397 -3605 -6073 -105 -7285 -7563 -4873 -7933 7929 6007 4650 251 -6315 -976 1716 -5765 7907 -2202 3542 3081 -9608 -5050 1976 -8734 7442 -6134 -2376 -4935 5094 -2848 -2654 1181 -519 1128 -5600 -5541 -3117 -5538 -5485 -5820 -783 -8902 5923 1041 -4773 -7916 2163 1987 -3947 -4949 -6887 1007 8665 7623 6701 -3397 -3100 -6307 -7521 34 6544 5908 -8338 -6626 2947 9446 -9674 6983 -2394 4905 1642 9014 -2696 8143 -5725 -4849 -92 426 -8425 -9281 -2800 1204 -2643 -9215 375 -1458 -4528 -6552 890 2759 6658 -5160 -1550 -4288 51 2773 
-3031 -7219 -558 -3711 2762 1086 8900 2048 -522 -6529 -5550 383 4665 8669 8135 -2092 -3524 -7093 -3781 2471 -1988 -3261 9386 1169 -3269 -1008 9033 -6172 -8491 8203 249 -1173 4789 -8699 2204 -3565 3913 -9019 -1144 -6229 -4141 -622 -550 -5144 1186 1012 9132 -3956 769 -6154 3434 8583 4974 -3634 -286 -7553 110 7360 -3269 1036 95 2911 1863 9831 782 -6091 7323 5636 7370 2150 -1282 9053 2168 -7568 3296 -9774 -696 -5994 2030 -9074 871 -9091 995 -6965 -7817 -8842 -3167 -6728 1245 3262 -6560 -8102 7801 -8286 -9786 -8143 -6149 -7289 2840 -963 
-9644 -7192 335 2241 -5813 7937 1039 -8762 9137 396 -8300 7202 -5129 -278 4686 -5029 1470 5509 6830 4647 -5745 -3629 5569 -1226 204 4381 -3043 -5710 -8730 -7615 -7718 -4059 -2383 757 -7037 -708 6069 -2835 1516 -9365 -1049 1438 -5114 -8239 -777 -2588 -1454 -611 9419 -3839 2130 -815 -6676 -2137 -1146 -3514 -674 -9736 -3307 -7407 -1322 -4724 -7030 -9116 -728 8915 -2271 1176 -737 -7109 -3710 -7447 -8240 7348 5742 -2430 4912 2610 407 -709 -3707 -2253 -1899 -8256 -69 2114 1750 4020 -3591 -3397 -4107 -9994 -9293 -2001 -9521 2563 -1503 -1909 -1294 -5060 
-6417 9396 1783 -9175 -202 -4842 -4175 3677 6827 9917 -3642 -932 -8426 -8285 9214 1563 -538 -2229 2042 -2712 6372 2989 -1562 -4151 -8571 -8556 4178 8297 3844 -5788 -8163 944 1679 9696 -1165 -9326 -6560 7019 -5894 -3093 7150 8205 6279 -7191 -6043 -9832 -7114 -9877 -940 2220 3001 -3640 -1114 -328 -7152 -5549 -556 -3071 1690 -6594 -8615 -9976 -2293 7325 -3739 5543 -6849 5324 -3883 2972 8654 4627 -6333 2314 -1695 -1239 4122 3100 -1596 -7785 2542 -5653 1692 -3458 73 -9054 -2182 8987 -1048 -4416 -1104 138 -6360 -5539 -5692 1066 8411 -9807 5923 -6145 
2175 -4591 -9512 -6947 -5775 -1413 1597 -7900 -6339 7317 -303 1479 2714 1777 -9334 4529 -7500 -9932 -1619 3178 -5783 -1034 -8996 -3402 -423 3276 -2961 -8609 -3497 -7131 6598 -9420 9637 -5390 2494 3410 7807 -7894 6338 3234 1687 -2484 -6364 6563 9057 870 1804 3946 719 -8427 8048 -5945 7872 -7090 1477 -8343 7380 -2659 -6827 -8092 -9949 9836 -1583 -6029 4047 -2329 -2264 -4231 7927 -547 -3495 1196 -7314 6281 3430 2196 5579 3953 9706 8112 -7038 655 6668 6426 -4621 -8017 -3500 5580 -8319 -4584 -7075 -8766 -6906 7790 -1589 -574 -5371 -2121 8383 5210 
6464 -6819 -2902 -8055 -3029 5780 -4770 -9119 -5343 -9604 -4469 -5493 -7787 392 4264 -8821 -7733 5024 1584 2789 1864 1381 -1616 -1471 -6424 467 6333 -725 -7409 2571 9547 5662 8130 114 -4164 3905 -2538 6068 -171 -6030 -1271 8301 1464 3075 -7632 682 -4499 -7485 -335 -8693 3266 -9826 -1774 5931 -9259 -3737 1201 4803 1263 -4459 53 -3028 8211 -1173 -9531 3043 -7465 2429 -8168 2322 -7341 592 -6932 8973 -2056 5153 2075 2075 -7549 -4823 4299 9910 -3663 -1217 -4187 -4045 -7563 5758 9577 4773 -9464 1640 6655 -3041 8768 -7508 3857 6266 2500 -8508 
-7497 9302 -6209 418 4083 -2012 3668 1772 -6337 -2525 -8175 -8315 -7037 -9655 3846 -3410 587 -7611 6711 -9427 -392 323 9744 6221 -7050 -2001 249 2214 4270 2813 2059 -4162 -2723 -7576 706 1968 -7291 2426 -3341 -9107 1442 4908 7743 -6592 5279 -3602 -4599 1269 6026 -7639 -7484 5885 5030 7363 8272 9323 -5760 -4861 1863 -3133 516 7221 -4205 -1164 4240 2224 1059 1539 5481 5334 -2338 170 8941 284 6199 -511 -759 -6644 1633 -5348 -3476 -5721 676 1876 -2053 8846 -3472 683 2278 -382 -846 -1366 1467 2762 -5147 8013 2394 8822 8843 3202 
-5463 -8734 1212 1421 3369 6333 3358 -4848 136 -4758 -4106 8265 -8776 -7258 6654 2044 -9473 -9077 -6825 -5805 -271 9493 6145 -4221 1596 8676 -1367 6129 2722 225 -6239 2645 -2388 -6492 -4362 -9378 -6084 9205 31 6165 -1148 -719 -9135 -9434 181 1935 -3909 3197 539 6788 -9330 -6547 2311 7940 3196 -1193 -6259 -8758 -5210 105 -7344 -3206 4622 -9435 6970 -5915 -2476 -1021 -1008 -5363 -5569 -1159 4644 2505 7482 -5830 973 1162 -734 8221 5813 63 2493 -8255 -1646 -3977 845 2605 5271 -58 -9692 1020 1611 -3223 410 -3496 -1222 2061 4477 -3674 
-6549 -6516 -3351 36 -5934 5146 7704 -5842 9319 2079 -8900 -4986 9783 1414 -2389 6517 9241 -5610 -5735 -8467 -5309 -1474 2124 9650 2685 -9226 4748 -7751 3734 -8605 -4870 494 8599 1724 -5821 -4548 -3499 8939 -5484 9769 8459 -5770 -8848 320 8711 -2529 -2912 -621 -5501 7112 -3957 1568 7799 -517 6502 -3533 -9043 -5495 5901 1197 3669 -5839 -3630 2404 -2277 -6781 -2539 -1429 -7531 4357 -842 4403 5313 -7721 -3609 8657 -8305 -3630 -827 -5598 -4358 -7690 3400 9229 8765 -1500 -4807 3336 -2045 1577 9540 1758 480 -5443 -5586 -6257 3326 1418 -9495 -3816 
-2981 3377 -571 3924 -3983 3241 -6039 -2141 6197 -5015 -5790 -7413 -9371 -8472 -1797 -1188 1819 -8925 6510 -5416 -8345 5183 5978 -8813 -3875 2128 5430 -7945 -8406 4889 -6972 2859 -9203 6709 1385 -1643 -1309 -7979 -2659 6302 -5789 -8310 798 6325 -7828 -1338 -7510 -6538 -3205 8670 -5748 -8532 7553 -3597 2934 7284 -9067 -8686 4913 2885 3462 -7144 -3376 -7987 5588 3801 6572 7421 2367 3107 -4277 -1560 1632 831 258 -9528 -3337 -5576 -2595 -8670 -3644 -1281 -6756 6635 -710 -1331 -7231 -4374 -1936 -3638 -3385 -9600 -9222 1358 -2475 -2395 -5064 5607 -4141 -5003 
-1938 -8357 -9827 -725 -3884 -1746 -1227 9580 4174 8485 -195 -3352 -4002 -9844 -2362 -4803 2488 533 -1981 -4900 -9257 258 -7455 8464 -7090 -2907 -5093 -5860 -3710 -8187 -1624 1892 -8458 -7644 -6376 -5650 -3546 1312 -288 6826 2297 -8202 114 -271 -3183 -6579 -1231 1962 1988 1202 7555 3443 560 1952 -1497 637 7370 -893 -5719 -3336 1624 -9155 -8493 -8622 6720 -2136 -5273 -4710 7040 3324 -1461 617 2304 -8492 7235 -6876 7205 460 -7163 -2405 -921 -6066 5961 -6603 6404 1901 -5920 1872 -810 -8431 -8665 -6461 1283 -7371 -804 -1881 2261 -6867 -4304 8726 
-439 -8116 6205 754 4683 8804 -3591 1001 6690 -816 5995 -6473 9799 -4593 9694 -8980 -1700 2065 1589 2352 4315 -9001 -8066 -8027 -1556 -4170 -4662 -6292 -6725 1020 7227 138 -1463 3318 -5314 6732 -862 -4463 5819 2536 -5136 -6528 -9045 -7418 1102 1886 -150 -4320 799 7604 2669 3653 -6561 -8196 -6186 1412 9114 7847 -1307 4968 -3140 3965 6353 -4450 -375 9923 -3017 7743 -946 1442 -7246 -4246 -8617 -219 -5780 1745 9154 290 7700 -7177 2356 -9283 -5551 -2952 -6293 746 6582 -2614 -5100 -2414 -9258 -2653 1022 -4937 282 -5701 5775 5499 7120 -2861 
5333 -9698 -2554 -778 -193 -537 -7753 -2305 -7891 -8411 -3611 -9861 -6811 -7658 617 -2032 1480 2471 2791 8734 -2524 -4547 -6011 -6779 -4245 -236 -6371 -9272 -7228 5350 -7088 -7567 9792 2094 -8002 6516 -7312 909 6356 -5960 -2666 5709 -6299 -301 -5351 2149 -5188 -8458 4028 -6020 -368 -2391 -8655 -4943 -8039 -9801 5802 -4134 -9886 3566 -5232 -6485 -2336 -864 -6536 -9158 -6846 2829 6483 -5983 7818 6853 -4124 -6141 -9637 -4184 -6312 -6989 -4462 -176 8913 4625 -6598 -6062 2147 4278 -5253 -2719 -5949 -942 1939 -6221 5980 -9996 -8760 -4152 -7868 -470 -4932 1128 
-2290 -2583 -5535 -9172 769 -9329 8975 -8351 -8214 -2392 4021 -5432 -5395 -5586 8876 -6271 -9950 -7500 7922 393 -9091 -2620 2101 -4351 -6546 -5369 -8242 -3598 -277 -346 2065 7694 8491 -7058 -7614 -9640 1492 3129 4010 -4634 1558 -8181 2506 -1083 8794 -9830 4399 -6465 822 -7694 -1913 -4839 -2302 -3240 -685 2304 -2928 -7891 -1635 4325 -2313 6133 -2420 9349 1008 9464 1461 -7698 -3259 -9431 -7116 6751 2919 -6970 7036 5712 1151 -5089 1259 -9550 -1401 -3910 -7135 1368 -2279 2709 -5837 1878 -4920 -7506 -8773 -5463 -8849 -992 -4782 6231 -9721 -8177 -2943 -5096 
-5572 -2554 -7884 597 6914 -7105 1904 -2512 -7740 -7069 5383 421 2045 -6094 -6327 -4273 -9270 -1371 -9827 8589 5792 -9263 -1231 -1114 7226 -9329 -6770 -8213 9686 -869 -6129 6109 -8319 -1126 -6061 -7761 -8112 -6497 5201 -6291 2992 -8049 7340 -5603 -6272 2851 -9817 -9820 -8770 -6962 -2790 -2803 350 -5632 -4026 -8315 -3294 -8598 7270 10 -7321 -6301 2086 -1978 9308 4011 4152 1398 1785 -8786 3269 5232 -7635 -7958 -4895 -3356 -9256 1525 -6910 2530 -2597 -423 -4686 3004 2732 -5887 6083 -8595 -402 -1703 4866 5435 5537 -7888 -7089 5209 -9898 -1791 4268 -8272 
613 -3341 -3756 -1856 1378 -1602 1295 4737 8558 -1041 -349 5806 -8886 -8530 1932 164 2513 -3331 591 -6553 -9338 -8125 3723 1446 140 -310 -1422 -6368 -1163 870 7671 -3192 3517 3672 -248 -2843 7479 8561 3165 2332 -4536 -3237 -2927 -2798 1747 -1868 6385 5068 2101 8540 -2445 -9862 -4430 5009 6185 3668 1199 -9511 -7658 -8285 -8798 -5183 -7616 -7549 -7065 7587 8742 -5017 -9900 -2035 916 -4674 -177 -5793 -8107 -1931 9599 -2508 936 5725 -3264 6662 -2250 3502 1979 -9844 -765 -660 6260 7301 1251 -7959 -2362 -4775 -625 -4981 4140 -7523 888 -9809 
-2110 7160 1084 -6002 1132 -2396 -1098 4991 9716 -3561 4186 -2082 -5510 2242 -5951 -277 -6009 3193 34 3478 5698 -5579 7843 -3110 -7737 -3145 3182 -7513 -9227 -3314 422 -3420 3175 -3718 380 3636 645 9234 6685 -6823 828 1443 -9553 -2025 1803 -4775 9276 1914 -2305 6819 -7923 -8358 -4510 -2350 1211 -66 -8817 -7645 6818 -4929 -6231 -5474 -168 -658 268 -3875 5692 -9927 -3708 -7120 -686 -6934 3645 -1439 -6866 -4464 -7589 7060 -7186 -9886 2859 1617 109 -1759 -8326 -1244 -1290 -2691 -284 5029 -7594 -933 5199 -3724 -7371 -1098 7161 9831 3013 -2012 
7760 -6168 7420 -6278 -4671 4504 3071 -910 -7118 -4839 7840 -405 -5996 -6710 -3094 -78 -4109 1011 -1287 2080 -5904 -7772 -528 6852 -8335 -7974 6117 1539 -3401 -7102 8511 -163 5872 -6656 -2877 6674 9486 1106 1259 6596 921 -1552 249 -8514 6560 -7337 -3509 -7818 -4619 -3577 623 -8529 -1926 -5270 -7816 -4190 -9098 2294 3089 1533 -2228 -1292 -9774 -4147 1518 -5823 1105 377 1710 2549 -4966 398 1526 4579 -4734 2146 -9287 -4320 -8008 -8941 -2552 -1496 4862 -7600 -919 -7107 -7881 2171 710 9105 -7103 4557 -3678 -7002 -860 -9350 -8815 595 299 215 
-3192 8138 211 5081 -238 -4520 834 -673 325 -2131 1179 -1325 -5003 9501 -7122 1485 -6233 4966 -8972 9945 -8279 8754 380 -6790 -128 -609 5344 -1681 -8575 62 -8868 8500 -9500 2297 -1057 -3156 4598 -3720 4226 -6754 -8754 -7354 -775 -7842 994 399 -5624 6733 7995 1548 7001 -3549 7399 -6493 -3061 -7444 6957 1097 -3668 4561 4390 -5687 -5110 -8295 -1206 1802 3558 -5873 -472 -6389 8202 5510 8539 4082 -1283 7482 -5991 -9082 -1612 5849 -3155 5593 1067 -446 -3192 4362 2229 6284 3635 -8022 9776 -9910 -2168 -642 -2723 -8467 -4158 1316 -8977 -245 
6418 1145 -3455 191 947 -9702 -3124 -4367 -1792 -4950 -8871 -6536 -923 -9292 -1100 -4035 -5388 -3407 -3069 -6687 -359 -1749 2454 -5535 6799 -5597 8862 -4455 -9452 7856 2946 -6745 7194 -2550 -400 -1710 6432 -7162 -4431 -789 -2175 2754 -3552 -6094 971 -4380 -9188 4636 -9997 8670 9980 3955 -6073 -1516 -5917 5023 -2525 7393 -9835 -700 -4504 6327 -8888 -8693 9386 6437 -2338 -7802 -2295 -7170 -398 -9714 2691 -7272 2608 -4337 -5817 -6894 -2709 -3865 8845 -6663 -3127 -9013 -5340 9133 3489 2410 -9428 544 -6199 9750 -7514 -6017 -823 5600 -6647 2451 -4108 -3229 
-1610 9290 7351 -1916 2702 -2062 2738 -3080 3426 4902 5160 -3961 -1238 4844 8594 -1425 -774 -995 -7560 -4948 -9293 4807 2338 -9225 -1930 432 -4564 8365 -7713 8572 -3367 -3439 -5905 817 -7095 -5932 -1111 -5447 -82 7252 -8446 6791 -3045 -3997 -7021 638 2686 -6646 -4080 2030 1808 -4243 9790 -128 -7862 -4048 -287 5940 -8870 -2086 -7789 -5080 -5674 -5255 -356 -3332 -5008 -9753 -5954 -1451 3787 -8532 -9360 -7553 -147 8227 -4146 -7562 -586 -1119 -6673 -2746 -4592 -5965 -201 1393 -1114 3016 6861 -9647 9370 336 -2481 -5185 -1102 -3038 -6459 -1548 -3021 -9756 
7636 -9203 -2223 5766 277 -6572 134 -1776 -955 -6531 -8863 -2658 -9059 8846 -3840 -3448 3844 -7933 993 -7833 5412 -1360 5141 565 -102 3081 1302 -1451 1810 -7106 -5893 -7309 883 -2485 8042 -3956 -7337 -6353 -5747 4817 -5730 155 168 -8312 -9757 6094 -2839 -556 -7665 -9442 5121 -5002 -9524 -6343 -3630 -8684 -3364 -3955 -6486 -1000 1388 -923 -8209 2300 6147 -4651 59 -2106 5824 -3400 1611 -5394 -8381 -9576 8146 -9273 -3607 -9363 -3853 -2307 -5954 -2967 -2738 -7204 -849 -9388 90 5842 -9378 -1228 1301 1974 5657 1200 5624 -1208 -4148 9684 2031 5530 
3158 1975 2407 -6960 -454 2011 -7800 5732 -3464 -5227 -4507 6829 -2181 -5138 -8335 3777 -7789 2601 -3723 3481 -7962 5062 -1312 820 -4478 -5882 -2466 734 -4745 176 1484 1170 2819 -9261 -1910 574 -4499 4781 -9519 4902 -5738 4844 520 -4308 -1907 -5549 -1934 -4146 -350 -3233 -3222 4112 -5027 -2549 7954 -8644 -9968 -496 -7608 7 -4790 -4783 1434 -7115 -595 54 3675 -9024 6371 -6057 470 -6635 7917 -9381 -9885 6432 -3397 2177 5528 8330 675 1984 -9150 927 -4725 -7254 -2060 8021 8521 -3082 -290 -3735 -594 -8066 -1310 9516 -3266 -6106 9891 9631 
804 -4865 -3169 410 -6013 6986 -1121 8979 -1009 -1312 -1396 2973 -9059 -4366 -380 -5105 -71 -9043 -1491 7719 -4297 -8960 -6358 -4754 -8404 8961 5547 -7010 7837 -5876 6570 -8607 -1416 -4499 -6445 -2212 -3518 -4351 6051 -660 -1808 -4936 -9899 -1520 -6374 -1474 7161 -6937 -4019 6362 2246 -8485 -3423 -8330 -7023 -2306 -566 896 -6369 -6765 2194 496 -6281 9969 -5977 -3541 -1573 1411 3088 1735 2744 1300 7206 -5039 4924 4937 -2719 -3413 -3352 8559 -3919 1978 -6169 2935 -5714 959 -6082 -4033 -430 -8924 -2717 -8428 5733 -7655 3218 -396 -1895 -4609 -5282 4120 
-9289 9958 -9754 -2510 -9831 -302 -2071 7667 5210 8099 -5798 -3248 -7061 2325 663 -3098 6728 -1052 2838 -9797 -214 2644 -9823 -985 -866 -5871 -2875 628 -9194 5650 -6043 -4318 -7298 -9852 1716 -1682 -1487 4868 -2237 3379 2701 3692 -7721 4625 -9595 -4878 -8834 5261 1014 -1971 5220 1082 -6532 -3590 8705 -9257 -475 -4578 2134 -4392 -3994 7629 -232 -4439 -2835 -2742 491 7504 2039 335 -5902 -1517 -6814 -8113 -8186 -5830 -5914 -4869 -6906 2326 -4832 -4286 -3282 2594 -5937 220 -4181 4393 -5054 -3543 9581 -8504 4881 -2315 -7042 150 -4116 4127 -5454 9313 
-9391 6395 3167 -3686 -6846 -908 7312 6228 -6507 -6922 -3084 6568 7502 -5365 4860 2045 618 -2108 2725 8999 -6275 -8486 -4557 -9747 6975 917 -6337 -2769 -2909 3181 3730 1320 6920 -9617 3922 -2864 -8301 5763 -3780 -3354 -1796 1196 6899 -6612 -5528 2543 119 7282 -521 -5256 1658 3288 -4897 -1703 -1361 -82 -8103 -8845 -4188 -2945 -8998 4730 -9166 -5587 -732 1141 1874 -1858 -9026 8548 -6606 120 5090 7685 -4439 -4887 -5482 -457 -697 -7766 -4643 -2400 5872 -4316 302 -5907 -8342 -9228 2085 2041 3285 -437 -2951 -8560 -2245 -7207 1550 5171 -1976 -6549 
-1493 -9090 -7204 -878 -5073 -4984 1982 999 -4704 3628 -5069 -1396 -8668 -3514 2416 6004 1459 -5921 8236 -9755 -1651 -659 -7943 -3907 -1656 -3371 9333 -4333 2188 1554 -69 6880 2115 -262 -1440 2205 3019 -5601 731 2766 910 5139 -8604 1408 -7756 -4304 6593 -3473 -9001 5783 -4324 779 -3977 -5832 825 444 -7249 7665 9511 -6141 -6488 -7430 -9356 -6365 -5012 3200 -7770 -7072 -4194 5776 168 -2009 -2552 -457 4961 -3794 -395 -6200 -5269 6461 -512 -5379 -8541 -178 -5651 833 -5156 5040 -5418 -4658 -7591 5970 7913 -5229 -7461 4158 3376 -1576 -9 -6300 
-5744 -2172 9676 5017 7447 191 -5165 -2593 3919 -204 -8584 -825 -7752 5593 -9528 1972 -139 2386 395 -9694 1830 -4430 -3212 -8857 -2154 -4860 -9289 280 -8330 -3414 -7333 240 3241 7971 6896 812 9889 7250 -670 -5574 -7638 -3043 558 -5036 -8954 -5645 -7756 -1465 -8071 3377 6478 -4711 -5531 -8921 6048 1834 1369 -6762 -3183 762 -6523 -483 5721 -3956 2162 7893 3259 -727 -7025 4313 -299 2760 6639 -2710 8789 3820 6865 -3854 942 -2034 8288 -2905 -5812 -5731 1693 -4749 -6236 -3420 9369 6289 5232 -5941 -2841 1402 4794 5152 8785 5250 -8778 3991 
-342 -5444 9076 -1553 6820 7077 -3466 -7336 -5629 -8673 -9089 -1806 -6030 -1668 7341 151 1908 -641 -7383 8924 -1666 -1443 2429 5555 -5245 1545 165 -9547 943 9201 -8504 8254 -1735 -957 5224 -1927 -6958 -4204 -7527 -1889 -4253 -9086 -4401 -4006 -393 -9384 -3685 -4466 9972 8722 -9001 -8742 -2416 3042 4831 -2437 -5247 -8398 -6013 2610 -5163 -2357 -1414 -3257 -9821 -8810 -3911 -8466 3810 -5568 4613 -4599 -8679 5507 -8603 8686 -5801 -6557 6971 -1750 -2812 -7914 -9131 3750 9271 1480 959 2090 7625 6653 -1413 -7169 -6039 -2792 -4748 -3399 -5070 -3236 1486 7572 
4922 -4527 -9086 -4994 -3827 -1942 -662 6902 1274 -6652 -8264 -780 9611 3313 2667 -7351 -4389 -8426 9284 9768 -6941 -4174 3702 -1595 181 -3968 -1955 -868 -5971 -7810 -1360 -2827 548 143 1434 -8441 -5401 2174 -443 1819 -4504 -7164 -1480 -9869 4211 -4148 3170 -8022 9956 -1931 7607 -771 -5577 6136 -9060 9931 -4577 -9013 -8227 -7431 -1797 6244 2183 -2599 2151 -1598 3410 -3381 7343 -8952 -4865 -2076 -8407 -9621 1795 1295 -7293 8271 -670 1842 186 8909 1984 7730 2605 2488 -684 -6983 7217 448 -4962 -5161 -5370 54 -1382 -1370 -7670 1713 8949 -8557 
-8403 8528 -6209 -6982 9893 -1279 -8478 -47 -9501 -2974 -4494 -9881 5317 6310 -6042 -5010 -6131 2138 -7514 4888 -4078 -1240 -5307 798 -299 -132 -2607 -8218 -6249 -2491 -7127 -5787 -6231 5278 7886 -7325 -1980 -7890 4220 8575 -5029 3693 -4837 -9229 -8339 1224 -2830 -2342 -8001 7462 -8485 -2226 7498 1771 -1379 -3306 -8208 -2947 -171 1088 1909 262 -8970 -5492 -4980 2618 7188 8554 -5265 7993 -8101 8259 -45 2199 -2523 -8930 -3333 570 7979 -3460 2764 -6813 7643 -2778 -4799 -399 1260 -8760 191 -6366 -882 4093 5132 7644 -1403 4365 -5348 -5781 6104 -7148 
-1140 -1908 356 2565 -4269 -1175 727 -1169 -459 -7227 3770 2142 -2694 4699 -1554 2085 3422 -7198 7002 -4389 1707 5684 -1373 -1116 -2652 -1169 7934 -7246 6722 -8357 -3550 3851 2053 -4371 3650 6444 99 -2261 601 -3122 -3835 -6703 -4282 1896 -5710 -5804 -2790 -2699 3851 8965 -7664 -5928 -8710 -7304 -8099 -8675 -7451 1734 3496 -1662 -5497 -6736 1915 -5162 1568 -2971 2394 -9920 -3765 997 -9804 -7581 4177 -4730 -3976 -5376 -5635 -2697 3562 -9955 -6224 -8348 -3530 -8347 -8587 -6247 -1181 -8336 -9673 -6998 -2004 -1595 4945 -6349 9131 -2051 1959 -7013 -7305 -4951 
-5164 -9761 -5520 439 -7645 -1140 -2088 -80 -3679 3692 -7164 -8122 -3917 -1307 -2061 4780 8228 -6946 -5026 -378 8642 -3677 -367 -7292 -246 1419 3833 -6904 -8320 2937 -2785 -144 -9724 -7776 1364 -9072 2305 202 -9907 -2304 -6296 -774 -528 9366 -6275 -8879 5231 -5963 -2896 5454 2294 998 -18 -1415 -4064 3462 -8455 3074 1934 6272 -6283 7813 1338 5468 -8316 -1167 -2135 5497 -4299 2474 607 1398 -3495 3819 -4680 9623 -4746 -2993 -1068 -4762 -4609 -7374 -1582 441 2435 2644 2688 -8493 7685 -4226 3986 -8755 -3347 4520 -2991 4245 -8131 -166 1174 -6473 
7046 6514 215 -2436 -3301 805 9633 5841 2054 -5143 2344 -9943 -8645 -5870 7322 -7931 -7542 -8837 -1606 7379 -8008 -9272 -4820 -4907 7440 -8534 -2804 -1756 85 -2653 -6876 -9516 9212 -7029 -995 7961 2712 -6895 -3690 -8245 8342 -9787 -7437 934 8010 -5354 -4073 7156 -663 -2760 6422 -8689 4729 -4664 -9116 -9022 326 1331 3122 -784 -5194 -6924 186 6839 -4865 -8772 2553 -8714 -6121 1527 -580 7181 1164 -2643 478 -3837 4822 -8794 -4207 6446 6890 1009 91 7694 8144 3814 5571 -7397 2391 4459 2572 -2463 2023 4916 -6527 -8087 -9417 -6129 -2543 -9606 
2592 -769 9374 6943 -6830 6534 -7536 -726 -9530 -8503 3119 9529 2835 -1425 -719 -9383 933 -4502 -3343 1449 -8149 3769 -6719 -8416 335 4813 -191 2801 6924 7754 4112 -2163 -613 -8272 -7710 -8054 2606 2267 1458 -7581 -9919 2792 -1254 -3457 -5042 2010 -7870 -1673 -1760 379 661 -7694 1450 5382 -2150 -8876 1400 -4635 6817 2679 8358 1238 -8836 -9673 -8752 -4812 -6608 9173 2250 -2189 -4116 -7020 -1999 -2517 -6310 8168 -8895 -9575 563 -8464 -2807 2499 -2952 -8415 -4932 -3078 1598 -4379 7785 -1243 -9398 -4733 -8083 5883 8285 -5727 5447 5361 849 616 
-3987 2389 -2043 2503 -9443 314 -1930 -8838 -2506 -8330 -5233 2348 -8632 2088 -2847 -4837 -8887 1981 -1898 -4069 -8726 596 6371 -7938 7465 289 -1059 5778 -5368 -4112 1933 1579 638 6731 3686 6691 -5011 -547 -2282 63 404 -3209 -6820 -204 3557 -1038 9721 -2230 -8103 -8809 7498 5375 -7133 540 -491 -3825 -9533 -976 2081 -7661 -1028 5529 -5909 6215 -7065 -4165 4566 -6287 6057 -2885 -7965 -4514 -1053 -8891 -6430 8143 5769 -7477 -4632 -5323 7029 -1617 -9055 -5800 -9988 8899 -5497 5726 -3551 -1841 -4013 -8854 2313 -7373 6644 3683 -4689 -2098 5886 8664 
9433 6174 1669 -1408 -9397 1448 9194 -9722 6458 -1638 -2347 -5532 -1053 -1105 -2140 2351 -5091 1107 -8446 -7852 -692 -3033 1659 -3678 -2280 -1048 -913 9224 -4226 2635 -6042 8032 -7227 4620 -4701 -8916 -7084 -2169 1564 -1217 3297 -1114 -7992 6272 2925 -3203 -1318 -4373 -9330 -2286 2733 184 -6995 -5472 -6111 -8320 242 318 -4443 -1379 2396 -5988 3349 -9231 181 2798 -4378 746 -3738 -9908 -1249 -4060 3175 8856 -1493 -7472 -7399 -9567 4876 -6636 -4841 -1144 -782 -4878 -8438 -6878 1260 -2034 -4163 3198 -2402 8202 -3919 -793 -4813 -12 -2254 -3829 6133 3138 
-3383 -1507 -2916 957 2194 -6312 -5373 1756 -5551 -5883 1697 7986 -2847 2559 -4874 -4437 -7091 -3467 7844 -5453 5219 -8048 5857 375 -3899 6901 -6678 1264 8002 -1907 6041 -99 -2747 4803 -6086 -8336 140 3918 -4741 -8051 2235 -9104 2658 7150 178 4733 -5245 6186 -3267 -2720 4274 1559 -1686 -2245 -3306 -1907 -3744 46 -6305 -1203 9934 8730 6426 450 5346 5062 386 -569 -1220 9665 -72 -8982 -4671 -1911 2294 2671 -8556 876 -4031 6679 1090 9389 9438 -2238 -4036 -4791 -7194 -2381 -5749 -7974 2205 -748 -8257 -8325 -4225 282 2600 -8722 -9637 -4055 
1865 -1061 -7195 3579 4234 3449 -3833 -3939 5677 4370 5111 2811 2403 2850 -9521 -1155 -704 -7040 -7399 -9774 -4916 8800 -1463 -1012 -3621 -9896 -5552 -4564 9088 4194 -2962 895 -3171 -7902 -4536 5864 -6018 -5464 -6374 225 -4249 952 -5138 -6339 -1142 1928 -6130 -9808 -5186 -4151 -6410 -8432 9356 -6006 1710 -1475 -7828 -7687 -1482 -4736 4944 -1173 -5373 5360 7551 7391 -343 1882 -4795 -5122 -487 3298 -3480 -5755 846 6085 5310 -378 -3966 -5887 -3458 -4468 -9306 -7689 7732 5502 7922 2544 505 -2746 -2375 9662 -4095 -6606 65 2884 -7337 -4582 -9295 1721 
-8633 -3261 -7540 4808 -7942 7459 -9442 -6981 -8857 -7866 -44 2618 2183 1553 -3759 -9105 -758 2725 5469 5420 905 -2074 4352 1839 -6692 381 2385 -8828 -5523 4666 -4824 -9525 -2932 -6114 -7878 -6020 -4348 -5544 -3866 712 -8659 8238 2411 -894 -8573 -4193 7197 -9858 216 -6201 -1864 -8775 -5114 -2014 8692 8314 -4216 -6220 570 -7914 4521 3209 5973 -7910 -4100 -3944 -8052 4197 -2963 8685 -7345 3187 -6280 -5625 -4336 9442 -6822 -1921 5173 2350 -1884 2827 3499 960 -6825 -1022 -7491 -6617 332 -9215 165 2725 -3693 -2995 -6591 3821 895 -5511 -6358 -8693 
-4833 1482 1537 549 4464 -8743 -1461 -9120 7250 506 1951 -8569 472 955 7389 -217 -4284 2030 -4926 190 4018 2858 505 -1194 -5741 -2865 -7564 -2068 -5923 -5303 -5605 2550 -1791 9303 -93 677 -2946 1100 -7421 -4089 980 342 8420 -3697 2107 9757 -3337 -2983 -6635 -6610 299 -344 2273 -9800 -3585 -1485 -9679 -201 948 5536 1374 -1840 3495 7631 -9221 956 -8770 -2469 -2200 2088 -1343 8412 -7384 -37 -1589 -5264 1749 -2150 -8032 9979 -2734 -2807 2273 -9523 -9408 -5485 -3490 -3037 117 780 -4052 5520 -3989 2325 -7049 413 -523 -2400 1914 5615 
4151 -6092 -6868 9193 -4842 6867 -9603 -7727 5422 2586 -5023 1847 9475 9929 6956 -4269 -2695 -6525 -9569 654 -4280 -6248 -926 -9915 -3190 -1087 -4205 -1079 -5417 3820 3005 -7254 852 -2247 6157 8757 5287 900 -5279 539 -8018 -2715 -9918 -8972 1264 436 -2285 740 3571 -976 -3926 -8675 -8816 3041 -5089 -2491 965 8380 -8382 -3590 8361 -8984 -9806 51 -7291 -9217 8907 -5464 1665 -201 -864 -6603 -1347 9538 6538 7323 353 8211 2559 -3097 8918 -6463 -7642 -5129 9783 -208 -86 -6150 7426 -7314 8269 -2472 2292 -4292 3807 -3566 1204 -8338 815 -1877 
-594 -6347 1569 1863 2723 -9862 -9215 -9774 1982 -7667 -5865 3397 170 -8032 -2468 -5884 -1533 269 -4820 5707 -949 9759 1851 -3381 1534 5072 -5651 -3120 4039 -6674 -4895 -6427 2836 -9565 -8179 -807 1544 9685 1360 1699 6768 -2996 804 -1756 2520 -7533 7027 -3955 -6594 -1376 -8020 -1471 -1242 -969 9493 -580 -6768 -6901 -8573 -3084 -4408 -858 6024 -898 -7267 -2292 4332 -812 -9164 -3557 -481 -3210 -4387 -2922 -8274 14 1222 9155 8372 -2663 -1714 1360 691 -7229 2301 1437 -5117 -334 -6253 -2794 362 5382 -9698 6752 -3924 9855 -8144 918 3717 7263 
-849 -1516 -6923 4081 334 1460 -8228 2283 7133 -9577 4582 -2864 2173 -7129 -5368 -5031 -1737 -6118 -2804 -3051 -4115 8857 -7191 -8338 2673 -4702 8791 -2097 -588 -2133 -767 -8926 642 -152 5339 -1986 1964 -4754 3222 -9758 -8827 -1063 -7534 443 8882 2667 -8236 -2260 828 7542 -3368 -6674 1672 2940 3369 -1547 40 -7339 1486 -7754 -8941 -2991 -7993 9894 3987 542 6169 -4507 -3714 -2420 7461 9627 -4601 -4977 -2912 257 -8555 -5691 1919 -4061 -2988 -3207 -47 -6684 9578 6695 -1487 8994 877 -4543 -7492 -8420 -2796 6385 -6656 5234 1771 -5153 -6314 -9652 
-2773 -8970 -3951 1182 3625 -1182 4535 970 -7890 -6915 -7664 3270 -6105 3050 9404 7295 61 -287 9354 -7394 -9049 1805 -4313 -1238 6399 -846 -8045 -2545 -6125 5779 -5734 573 -995 -9485 -7583 -2732 3573 -6342 -5312 -3330 9573 -7206 431 6749 -3075 -9069 8260 872 -9976 -524 -2820 6384 8862 -6974 4183 -889 -5284 830 1193 227 -1455 -2142 -6386 1087 1211 -9460 -4290 -7516 -9743 2687 8450 -7162 -1022 -3802 2726 1169 -8386 -7910 -6417 -3418 -1645 -4186 686 -6496 -1189 -2519 -6123 -3428 -5325 347 -6486 2232 8559 -1196 7386 2043 3724 -3735 -1360 5814 
-2937 -6056 2214 2953 4685 7335 -1318 7401 9074 8616 -9307 8353 2085 -3552 4905 4918 -9404 -7736 -23 -2448 -4756 690 -2915 -1771 596 -3856 -9435 -552 -2662 -7566 -3138 -1518 -2562 -4721 -1069 -880 -6962 -6330 -362 -5906 -6751 9637 -1297 -7423 -1464 -4087 -9420 -2341 1314 3207 7642 -1845 -5393 -4501 -822 1827 5863 -4929 -6376 -8226 -5172 7215 -9328 5025 4893 -3958 2578 -9630 -403 7787 -5664 8742 916 249 -7787 -4657 8707 4939 3096 2070 -803 -7888 -5872 -1355 164 -9234 -9989 -3895 6706 -6647 -6406 -42 -1814 2823 -2225 -1173 4078 -3982 -150 8199 
-1934 1854 3392 -6149 1681 -181 -2082 1362 -9954 1068 -292 -9264 7006 7817 -587 -9321 -4236 3139 -1099 -4241 -7236 6422 -4236 3558 316 -7868 7747 -4490 -296 2031 2308 8263 -4794 -6842 -9633 -1995 -2015 -1852 -302 -2189 1985 -5802 2313 -6609 -1365 2364 -9969 6680 7237 -3919 -7421 3262 -7955 -3250 910 -8167 -5590 -6868 339 -4916 -3453 -3127 -1304 3147 3151 -3124 -2075 -9669 -9363 -2388 763 8793 7637 -9585 -4250 2013 814 -3473 -6458 -7840 4097 -1823 -4821 7164 -7379 -4456 1903 -3500 -8195 -3832 -56 7028 -2249 4839 -2915 -4870 1559 -6695 -8327 -6732 
507 -1749 -7426 -4660 4864 -2913 -3267 1890 -5203 -9110 227 632 -2162 1435 1013 3796 8164 2750 1567 -4863 -1413 -3297 -4407 -7561 6524 -8270 -6196 -2116 -6236 -4910 -3676 -4661 1301 -5623 390 8180 -4789 -2224 -621 -8380 -1486 3703 -7539 -3001 9174 -857 -2038 -4437 -7590 7046 9287 6087 4525 -4677 -6273 187 -8326 -686 6204 314 5088 2 -6003 7301 6786 -5427 4953 9434 2206 -9912 -3086 -4115 4419 253 -4659 -9675 2495 -6451 -4846 -7349 4695 -1383 -4529 -6450 -5860 -2270 -1806 -309 7610 -1905 -7338 2715 4529 -9072 9757 -8468 1865 -9375 -6433 -9083 
-6942 -4943 -8958 1604 -9430 -5437 7755 -2325 -3053 948 -4716 -8677 9956 3615 -8450 -3041 2862 -5251 -8055 -788 -3966 5617 5345 -4921 3073 3107 -4997 -1816 -8492 8587 -5439 6909 9725 -6703 -2966 82 7854 -3374 2382 -5264 2585 -4475 -8776 8387 -6809 -4769 9981 -95 877 -3212 876 -5208 4251 2623 -8090 -8442 919 2436 -8688 -2049 746 -2284 -1017 -9685 5081 -9455 5875 -7906 -7241 -2062 -5377 -5876 -3016 -3415 -1208 -6036 -7767 -2910 -1293 -2628 -5185 -2321 -4476 -9754 -2066 -1405 -6195 -3999 1947 1627 -2332 379 -7021 -5692 9976 -3498 6749 3192 7653 -4432 
1837 4267 -8027 -1848 -4134 1317 -5398 -1283 -3949 -7375 5001 -7655 -5010 -9162 -8935 -6226 -2719 -2717 -6499 1952 -7979 -8720 4926 -9981 4439 -9374 -6595 4998 -1200 -5552 2631 5137 -9992 4580 -2583 -1174 -4762 6500 -3482 -6146 -4629 -4302 -8377 -801 -767 2032 82 -9719 6398 -1592 -5505 -5655 6221 -7349 -5881 -9728 -8578 440 8925 -2204 1756 -7361 -9823 -185 -512 2119 9427 -7683 -3516 -5971 1509 2200 -7941 -5555 2356 9238 -3713 7686 -200 1822 3915 -4038 1306 582 -3925 -6189 -9082 -456 -4176 -6516 -2783 -4489 5352 9518 -1860 861 -9139 3322 5802 -1050 
1276 -3545 -1586 3282 810 5740 -5223 -9306 -3118 3808 -685 -7307 6834 -96 6711 -7778 -4905 721 -1596 2326 -7627 -6233 -7248 6759 1308 -9115 704 1144 -2457 -5562 -7402 -5713 2198 379 -981 -6220 -3617 7957 7485 1496 961 4294 3434 503 -7783 1699 -9955 -2247 7705 -8307 -1240 3647 1397 -5967 -7277 -1220 -2209 -6804 -3308 1314 -6986 -7854 4128 -7489 -6181 8593 6977 -7385 -860 -4558 -5431 -9036 -620 -4608 -3931 1706 -4502 -3988 6133 2592 -6919 -4305 -2885 -5379 -9479 -9775 6418 -4257 6651 5259 -4895 9794 9123 7400 1264 -9730 -5615 -9295 -3878 4786 
-4960 -3191 9444 -3584 3283 1237 5773 -4999 -7828 -9919 3590 -5382 -385 -4257 -9532 6903 -8729 -9135 -6924 -2953 -5513 -6231 -4882 -6144 5012 -114 7597 1141 9665 -5790 -610 8605 -9893 -3357 8247 -6202 -5274 -1681 -8726 -2071 -2201 8811 -7942 336 -620 -8956 -1236 -75 2472 2135 -8734 -6515 -2884 5007 2244 -5915 -1806 -9202 6048 -9909 3572 -1042 -7340 -9840 -4035 1031 -6327 -4019 -7787 -4524 8707 1348 -925 -8623 9430 1480 6430 392 1051 -8032 -9755 -8276 7811 8 1264 -4091 -7829 -6696 -986 -2706 -4976 -9912 -5232 -4549 -3547 -5612 -2930 4799 -3325 5533 
1768 -563 -6687 3889 2760 -8771 7396 -8820 -8730 -5071 1016 -3681 4612 7128 -2208 6800 -4356 -9773 -2006 -1279 -9354 -1961 -506 -7275 -8866 1010 -9607 -6000 -2058 -8495 9229 -5281 328 -5183 -9493 -2503 2910 -7755 -1332 5028 -6379 -3544 -7476 -2118 -4337 -6493 -2688 -4563 3720 7905 -9782 -7447 -3668 432 -5622 -711 -8537 -9157 -2953 2253 1469 -1018 -2898 7194 1275 -6950 -9654 194 -2515 -7422 -8555 -9994 2418 -6412 -5922 -8966 -6451 -9708 1804 4424 -131 -9834 -1550 -2441 -9553 6147 -541 7996 -5166 -1955 -3609 5714 -9397 1030 1551 9079 5514 -3778 -6938 -7753 
-8259 4652 6024 2796 -9724 5599 -5641 7302 -5979 -1579 3884 -5272 -5087 -5573 -4757 -4653 1894 54 -2758 -6009 5702 -4702 -5261 -2969 -6104 7417 -9609 -9348 4862 -1226 -9242 -8931 -3465 -8678 -7347 9774 -9899 -3121 8383 7686 -8799 -5204 1031 -1291 -34 -2312 -2212 -4698 -9285 1298 -1514 9345 -3955 -6832 6880 9396 5501 -5050 -7537 -877 -6883 266 178 -9218 -4447 -4746 -4629 1474 172 -8594 -5891 -7966 -6264 -2174 677 -1576 -1254 -3467 2382 118 4245 -2241 -6720 -4174 -5714 -5424 -6056 3778 6864 9175 -674 -8604 529 -7390 -4525 2657 -7452 -3226 4778 -7406 
753 -8958 6905 739 8642 191 -3185 -7144 8031 3738 1032 -6962 8188 -6715 -33 -637 -1935 -6902 -5533 -8 -2198 -1166 -5363 1301 -6208 -8858 8209 -5330 9641 8787 -5805 5829 6859 -4461 1244 -5264 -4233 -7766 -8307 -2083 2739 -1106 -2381 3379 8312 5995 -388 2811 -4066 -3642 9929 -7138 -1804 -288 -7996 6832 7124 -7523 -5421 -818 1782 -5371 -3730 9732 4420 4235 -5458 1042 559 9645 -5882 -784 -7456 -6053 7895 8239 -4015 2747 -1858 -8510 -3267 8171 8145 -3939 -6476 3561 -2870 -4324 -7116 2192 962 3560 -8779 -860 -6398 -4682 1347 1584 3318 -5552 
8530 -6994 8387 6519 -9203 -2969 -9445 -1975 2639 -869 -1330 2112 214 -829 -125 -8964 2100 -9132 -1560 -318 5416 -5625 70 -5980 -3123 1432 -6344 -2237 -5231 9932 7037 -4174 -1976 -4522 -180 6525 -7166 -2437 -3832 9226 -1926 -7756 -3596 8318 -4655 5108 -5016 -7453 7835 -3605 -1851 -6839 1048 4842 7558 -8213 -6107 -3416 1079 -5293 5492 -8795 -2966 -6176 5753 7885 -5240 -4377 -9561 -4386 -59 -6664 -7845 -4850 2039 6211 -6922 -7609 -952 1435 -5295 -9132 -502 -5415 7020 -9311 -3510 4164 6855 -4355 -7384 7951 9077 -9245 9286 -4061 -4274 858 -6657 -5633 
4612 1914 27 -6531 344 2416 7296 -3944 -4723 -5756 -3254 -6453 -483 -6248 6750 -646 -1908 -7565 -965 -8233 2106 9471 7731 3454 4764 7984 9945 -2558 -9683 -4537 3962 -6996 5569 8469 913 -5023 -1830 -9884 4918 2275 -8673 7314 -2601 3579 -2551 6015 -7574 -203 -64 -9814 -9695 2988 -2874 -650 -7553 9640 -6222 -7053 -2966 1381 4735 -7430 8801 -1289 -26 3481 -2736 2058 -470 -4176 1442 -8242 -5710 -4933 502 -5997 3740 -9871 -4395 -2063 208 1932 -9949 -7700 -3309 8074 1044 -906 1021 -6413 -1247 2421 -5747 -3748 -1701 2822 -3525 -5268 -6081 6690 
-7154 7549 -1109 8321 6447 -1147 -2576 604 6462 4533 -9144 7191 3012 -1982 -2870 7486 -8823 -7294 -3941 1327 6150 -8103 -4825 -9767 -259 -7915 -8847 -860 -5368 7894 7591 -303 3216 -6893 -6918 7170 6527 -7623 2477 -291 -713 1941 -693 -3794 -5564 1139 6109 -8661 2096 -6489 -644 2779 -7498 -1171 -3452 -6663 -5095 1613 -1846 5622 -5707 8225 -368 -5859 -2506 3513 6391 5979 -4760 -7233 9076 6495 -4049 -1737 -7963 -7746 -2983 -2583 -9339 -1734 -48 -2206 -4482 -7645 -7372 -6153 -7777 2494 -952 -6581 -5489 -2842 683 -1133 -3967 7472 -6326 4057 -8855 -652 
-3020 -1570 8045 -8856 -4209 3684 -2241 -9393 2505 7018 1866 -2317 -847 -3944 -4310 -2418 8295 -1858 -5503 79 -8463 -711 -6936 -7205 -688 854 -1501 -622 -2957 -4007 -8232 -6733 -9110 3968 7617 -2845 -3491 9891 9600 -7606 -6435 -6465 979 5086 -5829 -6924 -6264 1220 -9511 1420 7538 -3756 -2658 -7491 3836 -419 -6162 2032 2301 2857 -1512 -5150 2637 1730 -7438 -9205 664 -5899 -2430 -8226 -7215 1206 5918 144 -4408 -3484 -7689 -3171 -4385 -2578 6641 2343 -7079 -5546 7030 7872 -3820 -2347 2667 906 -7112 9759 7267 -644 -2544 -2648 1267 -9016 -2535 -7896 
-4889 -8741 8025 -9669 659 -4859 1778 8556 -757 -4902 -9993 -9965 -6602 856 2398 -8516 -1535 8905 471 2378 -6575 8331 -1348 6939 -69 2511 -1815 9678 -1737 8959 -7059 9059 7026 6243 9825 4450 -6365 -8058 1945 3870 7937 -6668 -7847 -7397 9394 -6905 1290 -8114 647 7874 9805 -1180 -2586 -6947 -5680 7334 5864 -6718 7806 -9285 -5979 1496 -581 1710 2348 -9410 945 -9294 9912 -5382 8676 5667 -3041 9555 13 -2706 4172 -5221 -3835 6292 -2896 -1455 -3392 -9332 -4844 3398 -2436 4423 -7182 447 -2438 -3369 -4539 -9510 -6132 1810 -9826 -2028 -2064 403 
-1767 1290 -804 -2302 -2289 -545 -9126 4277 2028 6750 7158 -1353 2500 -9344 -5674 -3160 1922 -1649 -7607 4998 1377 -2324 5251 522 -8513 -4274 -2104 -7274 -2033 -275 -1626 1773 -3443 734 -4631 9795 -5577 -1473 -9719 -7657 3706 2198 -2650 670 -1205 8213 -873 7651 3896 3712 -8705 -3605 -7810 -1550 4161 -7587 7451 2109 -9482 66 -5050 -5776 -4675 -23 -2402 -5922 -3534 -433 2465 -7299 4801 -4483 -833 -7796 -5540 -2606 -915 -8807 -724 -4126 9246 8705 5861 -7969 -1265 -7783 1374 -7977 -7615 -5875 8159 1054 -211 8583 8410 2638 -2253 -6894 -8065 -2067 
6196 -5057 9259 -6322 2049 -7032 -9151 -7303 3763 -6157 -7011 5679 2588 2138 -7676 329 -7139 9928 4991 3233 2842 6918 -8118 -4845 139 -1352 -1720 8773 -2924 9185 -2439 9125 6648 -5810 -7729 7474 -6487 -6959 -3715 -7299 -1181 6381 -2191 3697 -9478 5170 4323 1329 -752 -8727 -8626 -383 6284 -4782 7392 681 -5208 1771 1069 -5675 -4055 6037 4840 -9313 -7851 882 -9292 3409 -7137 -1135 5175 2374 -9690 7757 6768 721 3328 2386 -7093 -2688 -2895 4674 3443 -8318 -7840 -1129 -2200 9254 -4628 -8726 -7759 -2298 90 -1964 4371 708 3859 1426 770 -9548 
-308 3694 -3432 -5542 2661 -1572 -540 -2763 -6730 -7582 6532 9405 2310 60 -394 -5911 6367 8383 3627 276 -6433 -5252 9981 1472 -4464 -857 -3069 -2181 1306 9272 -4158 7266 -1034 -3023 -313 7779 -6874 354 -1806 5127 1828 -2678 -7243 -720 5273 -3905 -706 -8800 -3217 1072 -2736 -6310 -7799 -4248 -967 -404 6449 1205 -4833 -6035 -1454 1066 1404 -8861 -9593 2210 -4372 1705 -973 -8537 -2619 -8497 -5837 -1262 -5145 1922 2001 -7053 -4269 4302 -5030 4914 1280 1057 -4142 -649 -372 -5967 -8250 8424 1904 -63 -6461 2193 -1577 7360 8485 6313 -4335 8914 
-9485 3954 1379 -5132 -9815 3425 2433 -7142 -5899 -6017 -9602 -8389 -5530 239 -9885 -3825 -6974 -655 -8673 -1865 -424 2886 -8162 -4001 -8459 5077 1660 -160 -6950 -4210 -9828 2632 1645 -6772 1108 -9346 719 -3968 -4725 8160 -9521 2380 -8665 1039 5277 -275 1152 -8306 -7743 -8962 -3591 2183 1741 -968 9840 -5969 3408 5342 -5869 2187 4237 2264 -7531 -3373 2699 1726 -4255 9525 -8658 -6441 -9425 9981 3942 -8254 2069 -8109 -634 -6058 5344 -4730 2168 5701 -9053 -6616 -7953 -3578 -7346 -6310 61 115 -7357 4938 -6906 2480 7749 -9255 -6604 -4914 -8974 8002 
-3156 -1874 -9837 1016 1826 2729 7153 -1297 -375 -1424 2122 6173 -3027 8880 -7964 1410 740 -264 -31 -6521 -9214 8030 2260 1091 -116 -1698 -1388 5380 -4784 -6780 942 -2164 -9837 -3027 511 -8263 4299 -823 -7838 1865 -3538 1668 -9977 -1315 -3511 2085 -9435 1790 -5482 -1226 5041 -5858 -7832 3685 1839 2273 -375 -3286 5065 -5765 -6457 4778 2206 2171 -2710 -3077 -1732 -3000 2665 -790 9233 2539 3965 -3623 -2242 398 597 1101 5678 -9181 7596 2919 9605 -4728 -8072 -4047 -1508 2569 5476 -2949 -1012 -1209 -4479 -5626 -3607 -617 2360 994 -814 8366 
-4476 9683 -6779 -5028 -7330 985 5912 -7786 7544 -7856 4774 -9351 -7667 4980 -5498 -2996 -2152 -3095 -6878 229 -1883 9307 2439 -626 -7802 -6334 -4968 -6295 -8505 -6520 9192 1778 -156 -6579 -7225 -5819 7865 -8342 -7523 8351 2873 -5995 1813 -8567 3075 -2651 -2020 18 5010 -1577 2122 -4036 -5324 -9712 2111 4091 -5314 4740 -3790 -9863 7262 2102 -8378 -4579 7121 288 3103 -6196 5750 -8619 84 3569 -9502 -4090 -6524 9178 -3851 4770 2926 -8925 -7603 -9951 1211 -5353 -4038 -5309 -3425 -5645 1393 -3276 6272 -467 -5787 -301 1686 -8139 -7245 3348 2132 -2820 
-2723 -670 1541 5938 -5606 1353 1307 -4876 -1205 2643 2404 -2522 -6479 1137 -3938 -7460 4765 -4900 -5427 -7872 -5368 7484 5354 2447 580 5929 4766 3140 -558 -2832 -5649 4570 -2922 -4039 1530 4076 -8632 -2969 -8734 -8097 5773 -1281 1351 7075 -6971 -8531 -2789 -6091 -6906 -3549 -4975 -7319 -8759 -9149 1847 1894 9347 3870 -1882 -7086 2711 -2178 -265 -6832 1769 5154 2136 -90 9366 -3320 1407 -2620 2755 336 2111 1026 -4365 -6595 -7623 -5590 2173 3263 -9580 -2634 6429 2160 -2064 -7717 -5590 -3812 9175 -154 -3544 -9884 -2411 -2907 -8353 -4092 -9910 8681 
-1909 -9997 -1955 810 -2603 -1748 -8333 1036 -6654 4203 8608 -6143 -3093 3481 -5506 -4688 8237 -1748 -8708 -9516 -2815 3433 -2760 1448 -5361 -5173 -2832 7393 -5474 -3192 2294 -6596 -8849 8210 8514 -4390 6571 2812 7180 2120 -5158 925 1210 -5468 -3050 4634 1782 -3810 -2465 4703 6148 -8005 -2768 -1491 -974 3008 -3182 -229 -175 4813 9136 -5674 -5244 -4057 -3318 -8757 8407 -2342 -9170 9479 4913 5375 -2205 -3395 -724 2875 -7128 -633 -4699 -4248 -4739 -4176 -5009 312 8864 6674 -4115 3127 9851 -4036 2400 -5744 -9349 54 6429 5938 -6044 7783 7107 -7467 
-1756 -1161 -8693 -328 -3450 5777 -5375 -4980 9991 -1781 4402 -9705 -6514 -5335 4102 -2446 -4393 3838 -7888 -6285 -8271 8693 -2780 -9678 1769 -2064 -4631 -6426 2310 8014 -4978 4432 2262 3826 -9790 -5573 7209 -1054 -8834 4033 -9923 -1459 1382 9426 -8423 5776 -4751 8305 4671 -1733 -1660 -5537 507 -785 1477 4540 -3903 -2965 2575 7882 -6090 -9144 -9182 -7211 -3379 8033 -9891 5136 -2987 887 8302 7138 -8655 -6124 -9592 3297 -5496 -4785 -3241 1309 -1986 -2193 -4624 -3328 -5693 -2477 -3219 -7403 -3542 -2928 919 -7097 -6243 3965 6948 8427 -1265 -5364 -8636 608 
6034 -7654 -6313 -8747 6762 -8183 5825 -4628 66 -7765 5216 2239 8510 -6269 1437 1120 -4848 646 2369 -123 -5106 -8184 -4853 -1245 -7548 -3500 -3105 -8134 -4762 -8069 4512 4658 -5591 8337 8769 228 210 -9388 1081 2428 -1105 5903 -1771 -6306 3781 -3106 6611 -7034 -5942 8819 1900 -4076 -1804 -1544 -1520 -3896 -6575 -874 2393 -6677 -3560 -6666 -2503 -7282 -4896 7077 -3979 2070 4784 861 -7433 1784 7223 -4286 1662 -6494 7901 3274 -8839 -389 -1287 -8991 3892 5515 -1468 -6229 4945 8926 -7058 -7061 6202 7172 175 -9852 -2634 -4771 -7775 1054 -8293 20 
8332 -8948 -4220 -1463 1346 2667 706 -7405 1389 -6035 -7241 70 -8667 3223 -415 -7951 1126 -7576 -2956 -5493 97 -8389 -2357 -8048 -4814 6030 6880 -4058 -8366 -8508 -5190 3173 2382 9256 1927 2166 -4072 2035 -9494 2650 6748 2416 -4586 -4401 -7498 -8098 -5988 8623 -3422 1430 3617 -2087 2356 -7986 8756 1428 -7799 -3012 -4865 -2543 -4131 1119 -3589 8625 -5090 1434 -4215 -1145 -7071 5058 5534 -6017 -9836 -7269 -8386 6302 -4364 -9474 -6771 -1972 -9760 5694 -3551 3056 1709 6987 -1860 762 -8836 4150 -5830 -8153 -3543 8630 -2459 -7904 -4124 -1334 -2159 -8060 
-7323 -8288 8517 -6168 -7428 -4170 182 -7172 1447 1311 4315 -5552 2216 2472 -8036 1622 -1482 -3589 5420 -727 -4301 -700 665 8335 1597 -5774 5793 4539 -2775 -2848 456 -5770 -4435 -3755 -9561 4671 -1412 6057 -2649 1904 -5448 -3095 2606 67 5219 1372 -1543 -6923 -8490 3366 -1525 -5718 -8586 1037 -9595 5617 -5981 6843 2551 -4471 9043 -7324 629 -9852 351 8872 1613 7595 2044 4571 2296 2498 -5907 -4701 -2768 -9842 5015 9889 1633 1268 -6059 -2028 -6558 8964 -6867 5851 -5114 1237 -5182 -3079 -8082 9874 8939 -8323 -1695 -8106 -6908 8547 9535 -6603 
5988 -9579 -6702 2427 -2417 -618 -1657 7992 -1715 641 -2629 -7716 -2565 781 -1447 1727 -7872 8116 4707 -6716 -2078 -3596 -2673 -8993 -1798 -7051 -236 4981 -1787 -4276 -6204 -4669 2684 543 -6723 -4414 2599 -8150 -2885 1001 3694 -8638 -6576 5524 -6320 -7848 -777 2371 8887 1793 645 -6842 4555 435 -2303 -9641 102 402 1461 -4536 200 -7636 -4987 -7489 8077 -8543 864 -1889 5084 -8633 213 778 -3648 -627 -5048 6468 5500 2879 196 -9607 -6886 -1271 8115 -7199 -155 -1569 -7028 5219 -5639 -9699 -9971 2711 9143 9162 -3478 4817 -7139 4803 -4508 -2245 
1045 -1899 -6372 8610 7821 -7350 -8246 1140 -9753 -9208 -5526 -5016 -9038 -4106 -2826 -2529 -9320 8544 2426 8105 -2855 -3203 -8797 6635 -4807 -7216 8217 -2016 -3051 108 -2160 -9955 6556 -4581 -8391 -4519 -8357 -8479 -8962 3341 -9127 -3076 -3922 -3272 -2203 9838 2518 -7033 621 -9570 2513 -4301 -6160 -836 896 -6773 -363 -8604 1021 -7020 -1602 2021 -5076 -8947 8824 -6269 3892 3768 -9420 1433 -2579 -1514 1466 9346 -7173 -8558 -9028 7770 1786 -8831 -5014 -287 9017 1608 4581 9024 6891 1791 5525 207 6876 2165 -4450 2006 3938 -9836 2352 -589 -460 -1690 
3839 187 -5377 -5769 5107 -668 790 -6435 -1248 9250 -1046 -1034 -9768 6289 -1253 -3631 415 -9645 -83 -6128 -192 -679 5983 -5172 -9569 7719 -6056 -4391 14 -6892 -9662 875 7076 3471 9307 -2919 1546 -344 -2934 1 -3080 -1042 943 -5139 -9888 -3979 9534 213 1608 -9445 -2962 2629 9502 -5814 -7667 -4513 1511 -6368 -3050 5092 1977 -1331 -5371 -8144 -2070 -675 -7222 1315 -2167 -8168 7005 -8185 -597 -6074 6545 -402 -3256 3510 -5300 -2468 -2361 -8928 -8971 1766 1687 7914 8175 57 -3520 -664 -8699 701 -5991 1448 -8218 -7589 -2277 -6323 980 61 
6614 4410 2519 -234 419 9073 4727 5538 -7687 -2372 6890 2415 -7260 4012 6539 5531 1811 -9344 9548 -4161 -7759 -4919 -1715 6765 -6986 1067 2189 2327 -4706 -7962 -5504 8688 603 -3626 3777 -8458 -441 -8328 -3670 48 4604 -4017 1474 -6892 9287 6597 87 1485 -4614 8533 749 -9093 450 -2071 -3403 -773 -2344 -6881 8961 -1687 -2373 -2190 -8682 -5821 -9122 8214 -8029 -8240 -3298 -349 -7630 -3424 -5768 -618 380 -2443 4408 8405 -8862 4963 -6476 9169 -135 -812 -1862 2833 -8731 -3728 4967 1932 7306 -453 -6309 -7721 -385 -1474 -4183 -5312 -3452 1963 
-4590 -7782 2965 1883 7412 8443 -6208 -6598 -8321 4130 -1741 -9850 169 8924 -6759 4307 9859 2633 -4185 467 -2420 570 7921 3828 7204 3550 6659 2570 4931 -6242 -6483 623 2922 -9691 1182 -2264 -2342 -5788 5684 -3094 6661 -6411 2963 -8228 -7902 -7106 1013 -7649 -3388 2520 -9919 -8916 -9043 9137 2526 -3044 31 -9617 -2871 -5074 -4972 -9578 7141 -9628 -6002 -3861 -8045 4751 9617 -5222 -4477 -7667 -4176 -5515 -1366 5103 -1083 446 -8428 800 1381 7271 -3141 -2685 627 -1832 -3368 -9412 1556 -3343 5882 4754 -4253 5649 9941 -3693 -5690 2582 -9603 -3143 
-4767 4197 2099 2571 -6839 -8660 -9473 5959 3067 -5850 -5666 4062 5294 5087 5278 -7711 -5049 5240 -8760 -2853 -692 -1394 -355 63 7866 -3626 8229 451 -8486 -5140 -9277 2988 -7950 5260 -5843 205 -9191 -672 -7622 -3766 5357 -9156 -259 -990 9768 3750 177 -947 -6577 -8871 -6091 2145 1101 -7956 9787 -8901 6688 6575 9340 8989 2483 -3914 -2674 -9069 -9556 2265 -232 -5254 1190 -1254 -1276 5602 -6111 -3895 -7978 6675 7129 -3836 -1731 -2641 2837 3651 456 -6441 5665 1748 -2149 -7503 5885 3426 1634 5031 7767 1723 -7995 1779 -841 1010 8028 -1830 
-5126 2242 -7419 2583 -4863 4244 -3564 -7750 -8310 -6877 -6326 -1424 2815 -6178 -5047 -5404 942 1006 -9978 -6106 -8038 8376 1728 1387 2671 -411 1201 -1130 -5765 -9504 3523 -6154 -2821 7584 3300 -2065 -4364 -1689 957 -3843 -5789 -7766 -7617 1847 -1417 -5839 799 1552 -3138 6529 9892 -7292 -8515 -1159 30 7793 -1052 922 -4007 -2845 4544 6763 -2605 2069 9875 -2341 3178 6804 7521 -4376 5657 4678 -5331 7296 -9435 -7604 964 -1306 4115 -1276 -5737 151 156 -9262 2159 6509 -4797 -1857 -7972 -1757 -7897 -638 -2673 1819 -3724 63 -8823 7709 -3617 6573 
2994 -3296 -6671 -7907 2254 6158 9027 -4009 -4690 -2589 4812 -5433 -5725 -3946 -777 -744 -3784 -965 -7528 8799 -7903 -6968 -4576 -5700 -7346 9175 591 285 1284 -9140 -2742 707 -7378 -3657 -6675 -8696 2608 7324 -6782 -1055 3644 7345 3827 1697 3401 -6457 -8164 1151 -2975 -7187 -7451 7513 -6983 817 3726 -8680 -2106 -1688 4556 1046 4078 -1871 -749 5981 -5731 -1931 3252 -9551 -9415 1649 -1238 881 2520 -4041 3119 2427 -4335 -2958 5684 7086 2480 -1495 9937 -8269 3406 -4986 4953 7550 -8448 -7017 -2126 3122 -1810 -5420 5987 -285 -3065 -5854 1743 1824 
-9741 -2121 -6846 -5264 1321 -2241 5673 -4004 1539 -3905 -6906 1037 -5617 2744 -5372 1367 2791 -5842 -1080 -1033 -7806 5674 -3191 -3015 -1300 8700 -1502 -226 -3084 -1659 -4315 -3653 7685 -8428 8530 1221 -4969 3215 -4504 -1428 7943 -171 -1733 -5243 9060 898 -4057 2189 -7317 -5326 -4380 -3446 -8778 4841 347 -2732 -8400 1331 2455 -2668 -3892 391 -1473 -1524 -169 -5519 7203 -104 -2997 -8463 4853 -3981 -8987 798 8347 -8387 1209 -4626 -1310 -4805 -3420 -7430 4149 2911 5635 -6786 -435 -4470 -4062 -1569 8171 2415 2007 -2928 -796 -7014 -7119 5174 -3875 -1903 
