1800
1 2
2 3
3 4
4 5
5 6
6 7
7 8
8 9
9 10
10 11
11 12
12 13
13 14
14 15
15 16
16 17
17 18
18 19
19 20
20 21
21 22
22 23
23 24
24 25
25 26
26 27
27 28
28 29
29 30
30 31
31 32
32 33
33 34
34 35
35 36
36 37
37 38
38 39
39 40
40 41
41 42
42 43
43 44
44 45
45 46
46 47
47 48
48 49
49 50
50 51
51 52
52 53
53 54
54 55
55 56
56 57
57 58
58 59
59 60
60 61
61 62
62 63
63 64
64 65
65 66
66 67
67 68
68 69
69 70
70 71
71 72
72 73
73 74
74 75
75 76
76 77
77 78
78 79
79 80
80 81
81 82
82 83
83 84
84 85
85 86
86 87
87 88
88 89
89 90
90 91
91 92
92 93
93 94
94 95
95 96
96 97
97 98
98 99
99 100
100 101
101 102
102 103
103 104
104 105
105 106
106 107
107 108
108 109
109 110
110 111
111 112
112 113
113 114
114 115
115 116
116 117
117 118
118 119
119 120
120 121
121 122
122 123
123 124
124 125
125 126
126 127
127 128
128 129
129 130
130 131
131 132
132 133
133 134
134 135
135 136
136 137
137 138
138 139
139 140
140 141
141 142
142 143
143 144
144 145
145 146
146 147
147 148
148 149
149 150
150 151
151 152
152 153
153 154
154 155
155 156
156 157
157 158
158 159
159 160
160 161
161 162
162 163
163 164
164 165
165 166
166 167
167 168
168 169
169 170
170 171
171 172
172 173
173 174
174 175
175 176
176 177
177 178
178 179
179 180
180 181
181 182
182 183
183 184
184 185
185 186
186 187
187 188
188 189
189 190
190 191
191 192
192 193
193 194
194 195
195 196
196 197
197 198
198 199
199 200
200 201
201 202
202 203
203 204
204 205
205 206
206 207
207 208
208 209
209 210
210 211
211 212
212 213
213 214
214 215
215 216
216 217
217 218
218 219
219 220
220 221
221 222
222 223
223 224
224 225
225 226
226 227
227 228
228 229
229 230
230 231
231 232
232 233
233 234
234 235
235 236
236 237
237 238
238 239
239 240
240 241
241 242
242 243
243 244
244 245
245 246
246 247
247 248
248 249
249 250
250 251
251 252
252 253
253 254
254 255
255 256
256 257
257 258
258 259
259 260
260 261
261 262
262 263
263 264
264 265
265 266
266 267
267 268
268 269
269 270
270 271
271 272
272 273
273 274
274 275
275 276
276 277
277 278
278 279
279 280
280 281
281 282
282 283
283 284
284 285
285 286
286 287
287 288
288 289
289 290
290 291
291 292
292 293
293 294
294 295
295 296
296 297
297 298
298 299
299 300
300 301
301 302
302 303
303 304
304 305
305 306
306 307
307 308
308 309
309 310
310 311
311 312
312 313
313 314
314 315
315 316
316 317
317 318
318 319
319 320
320 321
321 322
322 323
323 324
324 325
325 326
326 327
327 328
328 329
329 330
330 331
331 332
332 333
333 334
334 335
335 336
336 337
337 338
338 339
339 340
340 341
341 342
342 343
343 344
344 345
345 346
346 347
347 348
348 349
349 350
350 351
351 352
352 353
353 354
354 355
355 356
356 357
357 358
358 359
359 360
360 361
361 362
362 363
363 364
364 365
365 366
366 367
367 368
368 369
369 370
370 371
371 372
372 373
373 374
374 375
375 376
376 377
377 378
378 379
379 380
380 381
381 382
382 383
383 384
384 385
385 386
386 387
387 388
388 389
389 390
390 391
391 392
392 393
393 394
394 395
395 396
396 397
397 398
398 399
399 400
400 401
401 402
402 403
403 404
404 405
405 406
406 407
407 408
408 409
409 410
410 411
411 412
412 413
413 414
414 415
415 416
416 417
417 418
418 419
419 420
420 421
421 422
422 423
423 424
424 425
425 426
426 427
427 428
428 429
429 430
430 431
431 432
432 433
433 434
434 435
435 436
436 437
437 438
438 439
439 440
440 441
441 442
442 443
443 444
444 445
445 446
446 447
447 448
448 449
449 450
450 451
451 452
452 453
453 454
454 455
455 456
456 457
457 458
458 459
459 460
460 461
461 462
462 463
463 464
464 465
465 466
466 467
467 468
468 469
469 470
470 471
471 472
472 473
473 474
474 475
475 476
476 477
477 478
478 479
479 480
480 481
481 482
482 483
483 484
484 485
485 486
486 487
487 488
488 489
489 490
490 491
491 492
492 493
493 494
494 495
495 496
496 497
497 498
498 499
499 500
500 501
501 502
502 503
503 504
504 505
505 506
506 507
507 508
508 509
509 510
510 511
511 512
512 513
513 514
514 515
515 516
516 517
517 518
518 519
519 520
520 521
521 522
522 523
523 524
524 525
525 526
526 527
527 528
528 529
529 530
530 531
531 532
532 533
533 534
534 535
535 536
536 537
537 538
538 539
539 540
540 541
541 542
542 543
543 544
544 545
545 546
546 547
547 548
548 549
549 550
550 551
551 552
552 553
553 554
554 555
555 556
556 557
557 558
558 559
559 560
560 561
561 562
562 563
563 564
564 565
565 566
566 567
567 568
568 569
569 570
570 571
571 572
572 573
573 574
574 575
575 576
576 577
577 578
578 579
579 580
580 581
581 582
582 583
583 584
584 585
585 586
586 587
587 588
588 589
589 590
590 591
591 592
592 593
593 594
594 595
595 596
596 597
597 598
598 599
599 600
600 601
601 602
602 603
603 604
604 605
605 606
606 607
607 608
608 609
609 610
610 611
611 612
612 613
613 614
614 615
615 616
616 617
617 618
618 619
619 620
620 621
621 622
622 623
623 624
624 625
625 626
626 627
627 628
628 629
629 630
630 631
631 632
632 633
633 634
634 635
635 636
636 637
637 638
638 639
639 640
640 641
641 642
642 643
643 644
644 645
645 646
646 647
647 648
648 649
649 650
650 651
651 652
652 653
653 654
654 655
655 656
656 657
657 658
658 659
659 660
660 661
661 662
662 663
663 664
664 665
665 666
666 667
667 668
668 669
669 670
670 671
671 672
672 673
673 674
674 675
675 676
676 677
677 678
678 679
679 680
680 681
681 682
682 683
683 684
684 685
685 686
686 687
687 688
688 689
689 690
690 691
691 692
692 693
693 694
694 695
695 696
696 697
697 698
698 699
699 700
700 701
701 702
702 703
703 704
704 705
705 706
706 707
707 708
708 709
709 710
710 711
711 712
712 713
713 714
714 715
715 716
716 717
717 718
718 719
719 720
720 721
721 722
722 723
723 724
724 725
725 726
726 727
727 728
728 729
729 730
730 731
731 732
732 733
733 734
734 735
735 736
736 737
737 738
738 739
739 740
740 741
741 742
742 743
743 744
744 745
745 746
746 747
747 748
748 749
749 750
750 751
751 752
752 753
753 754
754 755
755 756
756 757
757 758
758 759
759 760
760 761
761 762
762 763
763 764
764 765
765 766
766 767
767 768
768 769
769 770
770 771
771 772
772 773
773 774
774 775
775 776
776 777
777 778
778 779
779 780
780 781
781 782
782 783
783 784
784 785
785 786
786 787
787 788
788 789
789 790
790 791
791 792
792 793
793 794
794 795
795 796
796 797
797 798
798 799
799 800
800 801
801 802
802 803
803 804
804 805
805 806
806 807
807 808
808 809
809 810
810 811
811 812
812 813
813 814
814 815
815 816
816 817
817 818
818 819
819 820
820 821
821 822
822 823
823 824
824 825
825 826
826 827
827 828
828 829
829 830
830 831
831 832
832 833
833 834
834 835
835 836
836 837
837 838
838 839
839 840
840 841
841 842
842 843
843 844
844 845
845 846
846 847
847 848
848 849
849 850
850 851
851 852
852 853
853 854
854 855
855 856
856 857
857 858
858 859
859 860
860 861
861 862
862 863
863 864
864 865
865 866
866 867
867 868
868 869
869 870
870 871
871 872
872 873
873 874
874 875
875 876
876 877
877 878
878 879
879 880
880 881
881 882
882 883
883 884
884 885
885 886
886 887
887 888
888 889
889 890
890 891
891 892
892 893
893 894
894 895
895 896
896 897
897 898
898 899
899 900
900 901
901 902
902 903
903 904
904 905
905 906
906 907
907 908
908 909
909 910
910 911
911 912
912 913
913 914
914 915
915 916
916 917
917 918
918 919
919 920
920 921
921 922
922 923
923 924
924 925
925 926
926 927
927 928
928 929
929 930
930 931
931 932
932 933
933 934
934 935
935 936
936 937
937 938
938 939
939 940
940 941
941 942
942 943
943 944
944 945
945 946
946 947
947 948
948 949
949 950
950 951
951 952
952 953
953 954
954 955
955 956
956 957
957 958
958 959
959 960
960 961
961 962
962 963
963 964
964 965
965 966
966 967
967 968
968 969
969 970
970 971
971 972
972 973
973 974
974 975
975 976
976 977
977 978
978 979
979 980
980 981
981 982
982 983
983 984
984 985
985 986
986 987
987 988
988 989
989 990
990 991
991 992
992 993
993 994
994 995
995 996
996 997
997 998
998 999
999 1000
39 1001
720 1002
239 1003
438 1004
856 1005
798 1006
366 1007
286 1008
451 1009
613 1010
854 1011
101 1012
143 1013
282 1014
538 1015
922 1016
946 1017
286 1018
998 1019
681 1020
977 1021
892 1022
656 1023
907 1024
458 1025
324 1026
882 1027
241 1028
726 1029
279 1030
447 1031
591 1032
841 1033
588 1034
908 1035
238 1036
612 1037
618 1038
457 1039
868 1040
534 1041
879 1042
224 1043
888 1044
598 1045
585 1046
213 1047
112 1048
579 1049
67 1050
630 1051
405 1052
280 1053
506 1054
389 1055
650 1056
330 1057
177 1058
332 1059
265 1060
115 1061
137 1062
929 1063
103 1064
653 1065
405 1066
338 1067
857 1068
599 1069
773 1070
98 1071
214 1072
684 1073
704 1074
261 1075
943 1076
748 1077
376 1078
872 1079
5 1080
674 1081
153 1082
820 1083
505 1084
240 1085
187 1086
805 1087
938 1088
24 1089
336 1090
534 1091
394 1092
21 1093
575 1094
984 1095
962 1096
625 1097
66 1098
570 1099
831 1100
168 1101
237 1102
250 1103
637 1104
620 1105
728 1106
701 1107
324 1108
923 1109
775 1110
812 1111
63 1112
566 1113
192 1114
120 1115
748 1116
51 1117
621 1118
335 1119
969 1120
525 1121
578 1122
47 1123
532 1124
459 1125
273 1126
531 1127
135 1128
582 1129
436 1130
668 1131
161 1132
815 1133
643 1134
977 1135
528 1136
824 1137
95 1138
769 1139
245 1140
825 1141
22 1142
808 1143
297 1144
727 1145
264 1146
641 1147
63 1148
48 1149
81 1150
748 1151
329 1152
114 1153
184 1154
760 1155
744 1156
892 1157
495 1158
362 1159
134 1160
573 1161
652 1162
255 1163
471 1164
20 1165
975 1166
822 1167
823 1168
911 1169
453 1170
249 1171
157 1172
912 1173
476 1174
437 1175
720 1176
389 1177
256 1178
448 1179
841 1180
855 1181
494 1182
756 1183
842 1184
205 1185
168 1186
817 1187
557 1188
2 1189
928 1190
215 1191
552 1192
84 1193
280 1194
675 1195
847 1196
15 1197
800 1198
666 1199
538 1200
561 1201
953 1202
876 1203
361 1204
87 1205
851 1206
523 1207
734 1208
456 1209
258 1210
469 1211
98 1212
776 1213
142 1214
941 1215
178 1216
744 1217
282 1218
617 1219
123 1220
148 1221
613 1222
392 1223
524 1224
133 1225
696 1226
66 1227
307 1228
176 1229
880 1230
28 1231
234 1232
54 1233
948 1234
483 1235
163 1236
702 1237
745 1238
457 1239
746 1240
592 1241
860 1242
815 1243
314 1244
795 1245
655 1246
66 1247
19 1248
578 1249
784 1250
889 1251
595 1252
209 1253
406 1254
677 1255
498 1256
335 1257
478 1258
121 1259
26 1260
631 1261
253 1262
373 1263
246 1264
967 1265
62 1266
158 1267
490 1268
860 1269
111 1270
576 1271
941 1272
365 1273
927 1274
694 1275
898 1276
416 1277
90 1278
993 1279
661 1280
82 1281
897 1282
312 1283
980 1284
979 1285
355 1286
959 1287
699 1288
137 1289
704 1290
259 1291
644 1292
724 1293
384 1294
804 1295
527 1296
10 1297
191 1298
476 1299
503 1300
579 1301
252 1302
855 1303
885 1304
103 1305
755 1306
36 1307
953 1308
55 1309
783 1310
299 1311
638 1312
2 1313
116 1314
127 1315
518 1316
233 1317
324 1318
533 1319
966 1320
589 1321
727 1322
454 1323
194 1324
479 1325
89 1326
530 1327
268 1328
728 1329
895 1330
573 1331
753 1332
858 1333
362 1334
911 1335
620 1336
807 1337
911 1338
94 1339
208 1340
113 1341
494 1342
127 1343
336 1344
913 1345
906 1346
365 1347
841 1348
427 1349
64 1350
337 1351
611 1352
802 1353
331 1354
938 1355
403 1356
136 1357
72 1358
702 1359
509 1360
193 1361
541 1362
610 1363
720 1364
681 1365
519 1366
999 1367
802 1368
235 1369
237 1370
78 1371
622 1372
204 1373
871 1374
102 1375
450 1376
223 1377
3 1378
315 1379
582 1380
537 1381
680 1382
712 1383
562 1384
488 1385
340 1386
200 1387
696 1388
688 1389
852 1390
114 1391
66 1392
150 1393
467 1394
235 1395
580 1396
944 1397
388 1398
552 1399
93 1400
517 1401
539 1402
292 1403
315 1404
393 1405
609 1406
951 1407
685 1408
404 1409
342 1410
752 1411
692 1412
452 1413
933 1414
412 1415
292 1416
959 1417
314 1418
824 1419
655 1420
37 1421
606 1422
195 1423
68 1424
101 1425
743 1426
655 1427
206 1428
296 1429
985 1430
642 1431
7 1432
379 1433
594 1434
760 1435
103 1436
961 1437
597 1438
43 1439
592 1440
296 1441
901 1442
549 1443
660 1444
274 1445
396 1446
61 1447
48 1448
823 1449
780 1450
809 1451
26 1452
73 1453
862 1454
19 1455
722 1456
920 1457
946 1458
103 1459
861 1460
63 1461
750 1462
212 1463
600 1464
383 1465
682 1466
65 1467
963 1468
634 1469
771 1470
921 1471
267 1472
571 1473
622 1474
530 1475
828 1476
92 1477
304 1478
227 1479
159 1480
288 1481
540 1482
20 1483
785 1484
898 1485
36 1486
834 1487
780 1488
845 1489
155 1490
299 1491
506 1492
326 1493
707 1494
382 1495
934 1496
615 1497
123 1498
47 1499
798 1500
126 1501
723 1502
770 1503
350 1504
965 1505
418 1506
78 1507
6 1508
674 1509
472 1510
812 1511
32 1512
698 1513
360 1514
808 1515
298 1516
298 1517
664 1518
991 1519
3 1520
878 1521
420 1522
753 1523
795 1524
309 1525
463 1526
914 1527
691 1528
605 1529
900 1530
803 1531
208 1532
595 1533
165 1534
414 1535
26 1536
582 1537
241 1538
602 1539
162 1540
541 1541
603 1542
667 1543
315 1544
157 1545
513 1546
782 1547
631 1548
807 1549
330 1550
555 1551
765 1552
690 1553
291 1554
540 1555
778 1556
525 1557
820 1558
973 1559
327 1560
872 1561
574 1562
989 1563
953 1564
651 1565
160 1566
84 1567
558 1568
822 1569
243 1570
301 1571
494 1572
355 1573
522 1574
510 1575
504 1576
905 1577
6 1578
109 1579
8 1580
643 1581
345 1582
694 1583
989 1584
713 1585
289 1586
682 1587
967 1588
164 1589
392 1590
370 1591
608 1592
71 1593
601 1594
516 1595
258 1596
653 1597
661 1598
885 1599
522 1600
222 1601
848 1602
328 1603
60 1604
838 1605
173 1606
6 1607
408 1608
247 1609
353 1610
214 1611
579 1612
773 1613
534 1614
447 1615
368 1616
514 1617
742 1618
300 1619
800 1620
332 1621
148 1622
783 1623
848 1624
924 1625
781 1626
321 1627
739 1628
873 1629
436 1630
632 1631
271 1632
844 1633
447 1634
930 1635
380 1636
84 1637
852 1638
154 1639
842 1640
853 1641
800 1642
777 1643
730 1644
309 1645
913 1646
334 1647
912 1648
727 1649
874 1650
233 1651
879 1652
188 1653
479 1654
836 1655
670 1656
518 1657
578 1658
595 1659
706 1660
334 1661
445 1662
710 1663
468 1664
889 1665
705 1666
612 1667
668 1668
175 1669
207 1670
130 1671
238 1672
157 1673
332 1674
37 1675
468 1676
883 1677
82 1678
212 1679
708 1680
815 1681
253 1682
114 1683
732 1684
267 1685
595 1686
794 1687
11 1688
469 1689
728 1690
91 1691
633 1692
742 1693
464 1694
446 1695
858 1696
622 1697
22 1698
134 1699
534 1700
942 1701
309 1702
56 1703
37 1704
29 1705
437 1706
722 1707
730 1708
807 1709
761 1710
345 1711
389 1712
610 1713
342 1714
598 1715
581 1716
859 1717
358 1718
793 1719
350 1720
297 1721
470 1722
816 1723
223 1724
16 1725
157 1726
577 1727
191 1728
137 1729
998 1730
279 1731
50 1732
128 1733
47 1734
850 1735
758 1736
335 1737
571 1738
122 1739
683 1740
609 1741
21 1742
636 1743
362 1744
472 1745
182 1746
134 1747
348 1748
699 1749
449 1750
144 1751
479 1752
50 1753
13 1754
35 1755
573 1756
60 1757
771 1758
711 1759
301 1760
132 1761
504 1762
623 1763
214 1764
463 1765
429 1766
912 1767
465 1768
841 1769
230 1770
11 1771
119 1772
801 1773
359 1774
934 1775
115 1776
434 1777
245 1778
889 1779
344 1780
507 1781
740 1782
263 1783
734 1784
145 1785
837 1786
804 1787
937 1788
458 1789
211 1790
631 1791
867 1792
134 1793
454 1794
1000 1795
420 1796
122 1797
119 1798
283 1799
767 1800
