3798
1 2
2 3
3 4
4 5
5 6
6 7
7 8
8 9
9 10
10 11
11 12
12 13
13 14
14 15
15 16
16 17
17 18
18 19
19 20
20 21
21 22
22 23
23 24
24 25
25 26
26 27
27 28
28 29
29 30
30 31
31 32
32 33
33 34
34 35
35 36
36 37
37 38
38 39
39 40
40 41
41 42
42 43
43 44
44 45
45 46
46 47
47 48
48 49
49 50
50 51
51 52
52 53
53 54
54 55
55 56
56 57
57 58
58 59
59 60
60 61
61 62
62 63
63 64
64 65
65 66
66 67
67 68
68 69
69 70
70 71
71 72
72 73
73 74
74 75
75 76
76 77
77 78
78 79
79 80
80 81
81 82
82 83
83 84
84 85
85 86
86 87
87 88
88 89
89 90
90 91
91 92
92 93
93 94
94 95
95 96
96 97
97 98
98 99
99 100
100 101
101 102
102 103
103 104
104 105
105 106
106 107
107 108
108 109
109 110
110 111
111 112
112 113
113 114
114 115
115 116
116 117
117 118
118 119
119 120
120 121
121 122
122 123
123 124
124 125
125 126
126 127
127 128
128 129
129 130
130 131
131 132
132 133
133 134
134 135
135 136
136 137
137 138
138 139
139 140
140 141
141 142
142 143
143 144
144 145
145 146
146 147
147 148
148 149
149 150
150 151
151 152
152 153
153 154
154 155
155 156
156 157
157 158
158 159
159 160
160 161
161 162
162 163
163 164
164 165
165 166
166 167
167 168
168 169
169 170
170 171
171 172
172 173
173 174
174 175
175 176
176 177
177 178
178 179
179 180
180 181
181 182
182 183
183 184
184 185
185 186
186 187
187 188
188 189
189 190
190 191
191 192
192 193
193 194
194 195
195 196
196 197
197 198
198 199
199 200
200 201
201 202
202 203
203 204
204 205
205 206
206 207
207 208
208 209
209 210
210 211
211 212
212 213
213 214
214 215
215 216
216 217
217 218
218 219
219 220
220 221
221 222
222 223
223 224
224 225
225 226
226 227
227 228
228 229
229 230
230 231
231 232
232 233
233 234
234 235
235 236
236 237
237 238
238 239
239 240
240 241
241 242
242 243
243 244
244 245
245 246
246 247
247 248
248 249
249 250
250 251
251 252
252 253
253 254
254 255
255 256
256 257
257 258
258 259
259 260
260 261
261 262
262 263
263 264
264 265
265 266
266 267
267 268
268 269
269 270
270 271
271 272
272 273
273 274
274 275
275 276
276 277
277 278
278 279
279 280
280 281
281 282
282 283
283 284
284 285
285 286
286 287
287 288
288 289
289 290
290 291
291 292
292 293
293 294
294 295
295 296
296 297
297 298
298 299
299 300
300 301
301 302
302 303
303 304
304 305
305 306
306 307
307 308
308 309
309 310
310 311
311 312
312 313
313 314
314 315
315 316
316 317
317 318
318 319
319 320
320 321
321 322
322 323
323 324
324 325
325 326
326 327
327 328
328 329
329 330
330 331
331 332
332 333
333 334
334 335
335 336
336 337
337 338
338 339
339 340
340 341
341 342
342 343
343 344
344 345
345 346
346 347
347 348
348 349
349 350
350 351
351 352
352 353
353 354
354 355
355 356
356 357
357 358
358 359
359 360
360 361
361 362
362 363
363 364
364 365
365 366
366 367
367 368
368 369
369 370
370 371
371 372
372 373
373 374
374 375
375 376
376 377
377 378
378 379
379 380
380 381
381 382
382 383
383 384
384 385
385 386
386 387
387 388
388 389
389 390
390 391
391 392
392 393
393 394
394 395
395 396
396 397
397 398
398 399
399 400
400 401
401 402
402 403
403 404
404 405
405 406
406 407
407 408
408 409
409 410
410 411
411 412
412 413
413 414
414 415
415 416
416 417
417 418
418 419
419 420
420 421
421 422
422 423
423 424
424 425
425 426
426 427
427 428
428 429
429 430
430 431
431 432
432 433
433 434
434 435
435 436
436 437
437 438
438 439
439 440
440 441
441 442
442 443
443 444
444 445
445 446
446 447
447 448
448 449
449 450
450 451
451 452
452 453
453 454
454 455
455 456
456 457
457 458
458 459
459 460
460 461
461 462
462 463
463 464
464 465
465 466
466 467
467 468
468 469
469 470
470 471
471 472
472 473
473 474
474 475
475 476
476 477
477 478
478 479
479 480
480 481
481 482
482 483
483 484
484 485
485 486
486 487
487 488
488 489
489 490
490 491
491 492
492 493
493 494
494 495
495 496
496 497
497 498
498 499
499 500
500 501
501 502
502 503
503 504
504 505
505 506
506 507
507 508
508 509
509 510
510 511
511 512
512 513
513 514
514 515
515 516
516 517
517 518
518 519
519 520
520 521
521 522
522 523
523 524
524 525
525 526
526 527
527 528
528 529
529 530
530 531
531 532
532 533
533 534
534 535
535 536
536 537
537 538
538 539
539 540
540 541
541 542
542 543
543 544
544 545
545 546
546 547
547 548
548 549
549 550
550 551
551 552
552 553
553 554
554 555
555 556
556 557
557 558
558 559
559 560
560 561
561 562
562 563
563 564
564 565
565 566
566 567
567 568
568 569
569 570
570 571
571 572
572 573
573 574
574 575
575 576
576 577
577 578
578 579
579 580
580 581
581 582
582 583
583 584
584 585
585 586
586 587
587 588
588 589
589 590
590 591
591 592
592 593
593 594
594 595
595 596
596 597
597 598
598 599
599 600
600 601
601 602
602 603
603 604
604 605
605 606
606 607
607 608
608 609
609 610
610 611
611 612
612 613
613 614
614 615
615 616
616 617
617 618
618 619
619 620
620 621
621 622
622 623
623 624
624 625
625 626
626 627
627 628
628 629
629 630
630 631
631 632
632 633
633 634
634 635
635 636
636 637
637 638
638 639
639 640
640 641
641 642
642 643
643 644
644 645
645 646
646 647
647 648
648 649
649 650
650 651
651 652
652 653
653 654
654 655
655 656
656 657
657 658
658 659
659 660
660 661
661 662
662 663
663 664
664 665
665 666
666 667
667 668
668 669
669 670
670 671
671 672
672 673
673 674
674 675
675 676
676 677
677 678
678 679
679 680
680 681
681 682
682 683
683 684
684 685
685 686
686 687
687 688
688 689
689 690
690 691
691 692
692 693
693 694
694 695
695 696
696 697
697 698
698 699
699 700
700 701
701 702
702 703
703 704
704 705
705 706
706 707
707 708
708 709
709 710
710 711
711 712
712 713
713 714
714 715
715 716
716 717
717 718
718 719
719 720
720 721
721 722
722 723
723 724
724 725
725 726
726 727
727 728
728 729
729 730
730 731
731 732
732 733
733 734
734 735
735 736
736 737
737 738
738 739
739 740
740 741
741 742
742 743
743 744
744 745
745 746
746 747
747 748
748 749
749 750
750 751
751 752
752 753
753 754
754 755
755 756
756 757
757 758
758 759
759 760
760 761
761 762
762 763
763 764
764 765
765 766
766 767
767 768
768 769
769 770
770 771
771 772
772 773
773 774
774 775
775 776
776 777
777 778
778 779
779 780
780 781
781 782
782 783
783 784
784 785
785 786
786 787
787 788
788 789
789 790
790 791
791 792
792 793
793 794
794 795
795 796
796 797
797 798
798 799
432 800
572 801
792 802
721 803
781 804
550 805
194 806
452 807
152 808
279 809
540 810
16 811
290 812
357 813
485 814
176 815
632 816
240 817
26 818
671 819
567 820
727 821
265 822
78 823
760 824
468 825
432 826
301 827
331 828
199 829
538 830
788 831
530 832
110 833
413 834
253 835
524 836
333 837
151 838
690 839
719 840
143 841
61 842
31 843
22 844
267 845
207 846
337 847
184 848
123 849
168 850
361 851
201 852
481 853
579 854
56 855
532 856
318 857
784 858
266 859
25 860
781 861
522 862
495 863
445 864
215 865
712 866
263 867
61 868
297 869
195 870
523 871
547 872
65 873
223 874
470 875
143 876
405 877
688 878
339 879
298 880
406 881
785 882
46 883
392 884
202 885
102 886
347 887
673 888
589 889
765 890
227 891
681 892
382 893
211 894
496 895
499 896
123 897
144 898
797 899
229 900
478 901
335 902
141 903
77 904
563 905
443 906
124 907
503 908
616 909
181 910
9 911
119 912
688 913
45 914
632 915
202 916
505 917
360 918
616 919
40 920
187 921
690 922
243 923
753 924
593 925
578 926
469 927
228 928
617 929
575 930
437 931
700 932
487 933
393 934
263 935
533 936
511 937
356 938
297 939
574 940
266 941
775 942
490 943
401 944
520 945
334 946
753 947
715 948
747 949
280 950
245 951
674 952
327 953
292 954
482 955
747 956
167 957
18 958
618 959
2 960
794 961
127 962
284 963
769 964
230 965
14 966
527 967
15 968
279 969
608 970
18 971
254 972
671 973
368 974
249 975
318 976
155 977
270 978
784 979
232 980
605 981
228 982
738 983
671 984
542 985
354 986
424 987
762 988
541 989
751 990
97 991
212 992
483 993
300 994
765 995
163 996
759 997
284 998
301 999
610 1000
166 1001
474 1002
49 1003
685 1004
231 1005
700 1006
706 1007
670 1008
576 1009
275 1010
405 1011
682 1012
90 1013
392 1014
117 1015
538 1016
319 1017
267 1018
514 1019
540 1020
323 1021
31 1022
157 1023
471 1024
224 1025
456 1026
26 1027
620 1028
227 1029
500 1030
281 1031
437 1032
423 1033
281 1034
465 1035
205 1036
108 1037
135 1038
566 1039
695 1040
308 1041
223 1042
229 1043
439 1044
319 1045
789 1046
151 1047
16 1048
641 1049
439 1050
478 1051
244 1052
9 1053
513 1054
181 1055
418 1056
506 1057
166 1058
357 1059
315 1060
330 1061
591 1062
73 1063
41 1064
393 1065
534 1066
697 1067
799 1068
161 1069
47 1070
679 1071
441 1072
188 1073
196 1074
204 1075
670 1076
350 1077
475 1078
701 1079
455 1080
32 1081
720 1082
194 1083
473 1084
441 1085
700 1086
80 1087
531 1088
124 1089
32 1090
142 1091
242 1092
689 1093
322 1094
638 1095
9 1096
161 1097
412 1098
253 1099
53 1100
596 1101
49 1102
27 1103
788 1104
167 1105
512 1106
391 1107
585 1108
362 1109
689 1110
586 1111
44 1112
128 1113
379 1114
461 1115
616 1116
371 1117
526 1118
294 1119
495 1120
191 1121
75 1122
332 1123
212 1124
437 1125
55 1126
234 1127
124 1128
532 1129
81 1130
397 1131
7 1132
337 1133
376 1134
506 1135
251 1136
150 1137
102 1138
186 1139
626 1140
64 1141
132 1142
734 1143
191 1144
113 1145
506 1146
587 1147
538 1148
484 1149
525 1150
191 1151
33 1152
174 1153
549 1154
348 1155
482 1156
639 1157
792 1158
50 1159
222 1160
644 1161
748 1162
124 1163
708 1164
232 1165
283 1166
537 1167
536 1168
733 1169
525 1170
689 1171
38 1172
271 1173
527 1174
202 1175
744 1176
658 1177
21 1178
32 1179
492 1180
193 1181
263 1182
449 1183
474 1184
248 1185
325 1186
598 1187
111 1188
289 1189
170 1190
201 1191
141 1192
347 1193
642 1194
131 1195
229 1196
646 1197
464 1198
667 1199
224 1200
60 1201
373 1202
746 1203
109 1204
553 1205
206 1206
156 1207
742 1208
12 1209
474 1210
757 1211
359 1212
35 1213
754 1214
677 1215
791 1216
504 1217
108 1218
761 1219
191 1220
314 1221
440 1222
543 1223
551 1224
220 1225
630 1226
456 1227
279 1228
675 1229
616 1230
374 1231
278 1232
192 1233
63 1234
124 1235
139 1236
769 1237
537 1238
720 1239
91 1240
287 1241
416 1242
72 1243
468 1244
67 1245
404 1246
211 1247
776 1248
164 1249
9 1250
668 1251
655 1252
332 1253
477 1254
630 1255
556 1256
775 1257
190 1258
448 1259
576 1260
554 1261
274 1262
452 1263
102 1264
726 1265
220 1266
305 1267
672 1268
335 1269
301 1270
111 1271
298 1272
375 1273
258 1274
170 1275
737 1276
671 1277
660 1278
514 1279
248 1280
786 1281
384 1282
281 1283
245 1284
325 1285
577 1286
559 1287
92 1288
39 1289
612 1290
403 1291
467 1292
12 1293
403 1294
636 1295
724 1296
363 1297
113 1298
505 1299
264 1300
578 1301
527 1302
289 1303
487 1304
660 1305
602 1306
223 1307
749 1308
158 1309
406 1310
382 1311
644 1312
648 1313
214 1314
469 1315
525 1316
583 1317
84 1318
157 1319
677 1320
773 1321
244 1322
725 1323
543 1324
736 1325
180 1326
360 1327
7 1328
150 1329
25 1330
74 1331
286 1332
757 1333
444 1334
529 1335
625 1336
661 1337
708 1338
295 1339
487 1340
361 1341
728 1342
717 1343
229 1344
352 1345
296 1346
625 1347
293 1348
120 1349
531 1350
552 1351
713 1352
58 1353
37 1354
342 1355
188 1356
720 1357
221 1358
408 1359
622 1360
239 1361
474 1362
66 1363
148 1364
437 1365
723 1366
641 1367
690 1368
632 1369
31 1370
568 1371
352 1372
251 1373
146 1374
544 1375
504 1376
407 1377
52 1378
294 1379
371 1380
670 1381
117 1382
211 1383
177 1384
498 1385
367 1386
713 1387
39 1388
677 1389
162 1390
470 1391
488 1392
730 1393
598 1394
80 1395
496 1396
329 1397
256 1398
156 1399
711 1400
724 1401
670 1402
581 1403
400 1404
698 1405
214 1406
251 1407
581 1408
480 1409
729 1410
725 1411
393 1412
312 1413
26 1414
537 1415
704 1416
617 1417
248 1418
216 1419
352 1420
61 1421
252 1422
778 1423
713 1424
22 1425
545 1426
609 1427
766 1428
658 1429
152 1430
722 1431
704 1432
249 1433
148 1434
766 1435
288 1436
510 1437
699 1438
701 1439
391 1440
132 1441
602 1442
78 1443
444 1444
620 1445
494 1446
244 1447
735 1448
495 1449
497 1450
577 1451
185 1452
246 1453
578 1454
473 1455
62 1456
466 1457
721 1458
718 1459
61 1460
381 1461
544 1462
530 1463
744 1464
9 1465
191 1466
101 1467
100 1468
442 1469
392 1470
114 1471
724 1472
474 1473
567 1474
675 1475
204 1476
327 1477
768 1478
176 1479
345 1480
85 1481
587 1482
412 1483
648 1484
528 1485
248 1486
42 1487
506 1488
313 1489
127 1490
351 1491
272 1492
375 1493
622 1494
667 1495
103 1496
764 1497
388 1498
82 1499
356 1500
728 1501
318 1502
427 1503
750 1504
129 1505
167 1506
124 1507
606 1508
62 1509
725 1510
87 1511
436 1512
112 1513
187 1514
88 1515
73 1516
531 1517
598 1518
465 1519
66 1520
160 1521
397 1522
409 1523
545 1524
239 1525
150 1526
380 1527
500 1528
774 1529
516 1530
717 1531
388 1532
371 1533
535 1534
90 1535
488 1536
51 1537
730 1538
189 1539
584 1540
789 1541
83 1542
284 1543
321 1544
402 1545
1 1546
84 1547
407 1548
192 1549
381 1550
78 1551
759 1552
516 1553
195 1554
302 1555
430 1556
713 1557
357 1558
223 1559
472 1560
635 1561
605 1562
574 1563
760 1564
271 1565
95 1566
506 1567
789 1568
307 1569
642 1570
350 1571
316 1572
610 1573
756 1574
789 1575
159 1576
712 1577
167 1578
208 1579
26 1580
586 1581
590 1582
120 1583
634 1584
226 1585
16 1586
373 1587
700 1588
433 1589
679 1590
462 1591
168 1592
57 1593
95 1594
704 1595
69 1596
76 1597
303 1598
383 1599
118 1600
96 1601
92 1602
203 1603
383 1604
335 1605
495 1606
524 1607
115 1608
723 1609
239 1610
390 1611
125 1612
722 1613
438 1614
781 1615
184 1616
441 1617
561 1618
288 1619
177 1620
799 1621
386 1622
320 1623
587 1624
305 1625
245 1626
706 1627
526 1628
522 1629
688 1630
547 1631
162 1632
154 1633
322 1634
268 1635
228 1636
306 1637
87 1638
575 1639
394 1640
46 1641
796 1642
691 1643
742 1644
710 1645
542 1646
342 1647
707 1648
648 1649
379 1650
628 1651
488 1652
290 1653
163 1654
312 1655
333 1656
127 1657
162 1658
310 1659
754 1660
310 1661
584 1662
761 1663
243 1664
324 1665
365 1666
405 1667
476 1668
386 1669
121 1670
121 1671
419 1672
602 1673
247 1674
501 1675
712 1676
203 1677
574 1678
42 1679
328 1680
263 1681
621 1682
510 1683
494 1684
152 1685
523 1686
698 1687
433 1688
631 1689
750 1690
149 1691
638 1692
56 1693
766 1694
527 1695
502 1696
379 1697
295 1698
585 1699
598 1700
771 1701
243 1702
486 1703
423 1704
247 1705
417 1706
122 1707
129 1708
772 1709
13 1710
16 1711
409 1712
234 1713
277 1714
770 1715
270 1716
341 1717
211 1718
651 1719
366 1720
426 1721
766 1722
203 1723
457 1724
674 1725
238 1726
639 1727
299 1728
23 1729
431 1730
125 1731
504 1732
370 1733
684 1734
317 1735
699 1736
784 1737
166 1738
786 1739
277 1740
315 1741
558 1742
144 1743
719 1744
610 1745
159 1746
784 1747
328 1748
321 1749
180 1750
690 1751
404 1752
466 1753
766 1754
564 1755
124 1756
237 1757
207 1758
29 1759
620 1760
480 1761
471 1762
33 1763
501 1764
31 1765
744 1766
370 1767
728 1768
693 1769
171 1770
648 1771
500 1772
255 1773
562 1774
27 1775
269 1776
593 1777
504 1778
28 1779
799 1780
692 1781
442 1782
244 1783
61 1784
10 1785
754 1786
651 1787
778 1788
330 1789
127 1790
582 1791
108 1792
508 1793
385 1794
666 1795
534 1796
111 1797
302 1798
347 1799
42 1800
22 1801
550 1802
399 1803
530 1804
724 1805
573 1806
584 1807
490 1808
78 1809
177 1810
522 1811
634 1812
10 1813
795 1814
52 1815
466 1816
657 1817
147 1818
14 1819
783 1820
458 1821
76 1822
663 1823
577 1824
366 1825
339 1826
110 1827
177 1828
514 1829
707 1830
471 1831
590 1832
320 1833
16 1834
39 1835
554 1836
618 1837
185 1838
67 1839
430 1840
516 1841
657 1842
412 1843
28 1844
295 1845
85 1846
610 1847
398 1848
728 1849
174 1850
716 1851
525 1852
461 1853
736 1854
788 1855
704 1856
264 1857
735 1858
558 1859
218 1860
643 1861
700 1862
665 1863
334 1864
670 1865
723 1866
507 1867
369 1868
720 1869
387 1870
441 1871
768 1872
57 1873
469 1874
348 1875
376 1876
748 1877
174 1878
507 1879
221 1880
58 1881
717 1882
160 1883
28 1884
495 1885
241 1886
395 1887
781 1888
333 1889
591 1890
336 1891
286 1892
244 1893
461 1894
609 1895
490 1896
76 1897
276 1898
461 1899
208 1900
553 1901
424 1902
223 1903
614 1904
4 1905
732 1906
333 1907
319 1908
66 1909
359 1910
495 1911
352 1912
28 1913
269 1914
664 1915
515 1916
236 1917
531 1918
241 1919
330 1920
608 1921
759 1922
298 1923
418 1924
182 1925
791 1926
493 1927
664 1928
671 1929
459 1930
272 1931
713 1932
761 1933
156 1934
21 1935
693 1936
767 1937
431 1938
465 1939
517 1940
468 1941
546 1942
211 1943
429 1944
325 1945
743 1946
680 1947
459 1948
512 1949
179 1950
28 1951
486 1952
283 1953
717 1954
621 1955
289 1956
46 1957
722 1958
237 1959
509 1960
523 1961
108 1962
472 1963
565 1964
728 1965
65 1966
179 1967
164 1968
271 1969
327 1970
205 1971
441 1972
524 1973
482 1974
638 1975
114 1976
566 1977
281 1978
358 1979
346 1980
40 1981
777 1982
745 1983
10 1984
44 1985
167 1986
12 1987
788 1988
553 1989
704 1990
278 1991
504 1992
1 1993
679 1994
72 1995
461 1996
145 1997
464 1998
789 1999
603 2000
385 2001
654 2002
697 2003
4 2004
700 2005
524 2006
89 2007
690 2008
301 2009
456 2010
22 2011
284 2012
293 2013
558 2014
743 2015
110 2016
511 2017
627 2018
487 2019
48 2020
348 2021
211 2022
783 2023
340 2024
204 2025
657 2026
633 2027
736 2028
626 2029
687 2030
39 2031
408 2032
503 2033
245 2034
44 2035
331 2036
208 2037
68 2038
576 2039
267 2040
590 2041
662 2042
63 2043
26 2044
651 2045
756 2046
477 2047
383 2048
651 2049
651 2050
207 2051
593 2052
799 2053
152 2054
51 2055
548 2056
582 2057
340 2058
650 2059
533 2060
128 2061
678 2062
656 2063
421 2064
739 2065
545 2066
456 2067
592 2068
166 2069
729 2070
677 2071
184 2072
36 2073
513 2074
252 2075
516 2076
12 2077
46 2078
128 2079
485 2080
136 2081
609 2082
639 2083
611 2084
385 2085
442 2086
102 2087
60 2088
479 2089
270 2090
326 2091
224 2092
117 2093
240 2094
285 2095
681 2096
315 2097
57 2098
274 2099
357 2100
437 2101
748 2102
257 2103
193 2104
360 2105
653 2106
440 2107
761 2108
35 2109
128 2110
424 2111
78 2112
160 2113
305 2114
203 2115
285 2116
329 2117
52 2118
266 2119
261 2120
779 2121
389 2122
785 2123
617 2124
799 2125
566 2126
296 2127
472 2128
14 2129
685 2130
349 2131
452 2132
396 2133
592 2134
529 2135
90 2136
799 2137
356 2138
636 2139
163 2140
253 2141
118 2142
189 2143
460 2144
247 2145
557 2146
601 2147
244 2148
569 2149
146 2150
422 2151
154 2152
698 2153
91 2154
95 2155
538 2156
290 2157
302 2158
197 2159
714 2160
508 2161
574 2162
86 2163
484 2164
539 2165
539 2166
16 2167
475 2168
520 2169
698 2170
157 2171
163 2172
570 2173
562 2174
380 2175
531 2176
651 2177
21 2178
503 2179
726 2180
582 2181
137 2182
147 2183
344 2184
155 2185
565 2186
438 2187
43 2188
237 2189
301 2190
7 2191
708 2192
10 2193
480 2194
604 2195
533 2196
102 2197
717 2198
172 2199
388 2200
221 2201
623 2202
52 2203
236 2204
390 2205
233 2206
95 2207
49 2208
742 2209
766 2210
280 2211
2 2212
143 2213
39 2214
378 2215
699 2216
606 2217
58 2218
123 2219
393 2220
206 2221
449 2222
282 2223
631 2224
671 2225
596 2226
720 2227
262 2228
243 2229
265 2230
583 2231
494 2232
521 2233
47 2234
675 2235
245 2236
241 2237
137 2238
541 2239
372 2240
628 2241
300 2242
438 2243
762 2244
169 2245
515 2246
149 2247
272 2248
236 2249
218 2250
768 2251
98 2252
110 2253
452 2254
482 2255
656 2256
538 2257
530 2258
211 2259
587 2260
25 2261
542 2262
547 2263
669 2264
363 2265
755 2266
144 2267
525 2268
189 2269
278 2270
246 2271
497 2272
330 2273
341 2274
797 2275
540 2276
317 2277
440 2278
618 2279
583 2280
353 2281
532 2282
151 2283
486 2284
148 2285
653 2286
611 2287
189 2288
17 2289
108 2290
576 2291
445 2292
467 2293
339 2294
705 2295
35 2296
219 2297
743 2298
660 2299
216 2300
616 2301
514 2302
682 2303
231 2304
598 2305
437 2306
503 2307
466 2308
539 2309
110 2310
294 2311
730 2312
592 2313
692 2314
148 2315
104 2316
94 2317
392 2318
395 2319
248 2320
203 2321
206 2322
207 2323
789 2324
493 2325
673 2326
593 2327
112 2328
473 2329
619 2330
581 2331
462 2332
641 2333
510 2334
627 2335
230 2336
509 2337
359 2338
451 2339
527 2340
326 2341
466 2342
584 2343
681 2344
509 2345
644 2346
364 2347
333 2348
1 2349
471 2350
86 2351
295 2352
539 2353
317 2354
60 2355
602 2356
151 2357
777 2358
311 2359
77 2360
661 2361
428 2362
776 2363
465 2364
481 2365
571 2366
202 2367
350 2368
665 2369
114 2370
36 2371
290 2372
302 2373
647 2374
237 2375
399 2376
371 2377
531 2378
535 2379
566 2380
269 2381
689 2382
447 2383
611 2384
386 2385
134 2386
400 2387
84 2388
623 2389
529 2390
461 2391
698 2392
213 2393
447 2394
638 2395
635 2396
714 2397
7 2398
30 2399
485 2400
785 2401
732 2402
373 2403
605 2404
600 2405
437 2406
108 2407
688 2408
397 2409
738 2410
513 2411
641 2412
31 2413
682 2414
381 2415
695 2416
643 2417
399 2418
6 2419
679 2420
221 2421
420 2422
565 2423
406 2424
106 2425
354 2426
487 2427
220 2428
612 2429
372 2430
482 2431
553 2432
527 2433
244 2434
323 2435
297 2436
89 2437
242 2438
1 2439
765 2440
724 2441
279 2442
292 2443
796 2444
321 2445
708 2446
119 2447
78 2448
509 2449
483 2450
200 2451
237 2452
751 2453
742 2454
671 2455
16 2456
422 2457
78 2458
773 2459
466 2460
581 2461
634 2462
39 2463
495 2464
260 2465
139 2466
470 2467
235 2468
363 2469
288 2470
231 2471
672 2472
597 2473
779 2474
772 2475
116 2476
116 2477
55 2478
409 2479
717 2480
735 2481
770 2482
20 2483
246 2484
388 2485
66 2486
578 2487
402 2488
392 2489
562 2490
455 2491
676 2492
568 2493
392 2494
121 2495
275 2496
287 2497
516 2498
694 2499
132 2500
127 2501
621 2502
32 2503
501 2504
798 2505
86 2506
587 2507
493 2508
310 2509
228 2510
113 2511
592 2512
371 2513
264 2514
224 2515
201 2516
792 2517
732 2518
574 2519
46 2520
761 2521
569 2522
242 2523
554 2524
35 2525
662 2526
255 2527
688 2528
30 2529
100 2530
246 2531
87 2532
28 2533
320 2534
783 2535
338 2536
442 2537
293 2538
95 2539
257 2540
527 2541
166 2542
238 2543
99 2544
7 2545
608 2546
109 2547
47 2548
789 2549
145 2550
705 2551
649 2552
585 2553
695 2554
148 2555
246 2556
346 2557
703 2558
501 2559
155 2560
443 2561
228 2562
73 2563
658 2564
240 2565
698 2566
379 2567
301 2568
154 2569
497 2570
583 2571
565 2572
722 2573
220 2574
701 2575
478 2576
161 2577
473 2578
683 2579
133 2580
285 2581
315 2582
716 2583
757 2584
470 2585
162 2586
322 2587
319 2588
31 2589
366 2590
645 2591
307 2592
4 2593
85 2594
436 2595
410 2596
446 2597
467 2598
419 2599
543 2600
493 2601
27 2602
261 2603
586 2604
354 2605
575 2606
359 2607
574 2608
474 2609
327 2610
688 2611
451 2612
346 2613
675 2614
85 2615
528 2616
125 2617
5 2618
226 2619
142 2620
318 2621
166 2622
212 2623
411 2624
300 2625
669 2626
150 2627
738 2628
663 2629
591 2630
661 2631
447 2632
338 2633
46 2634
648 2635
721 2636
30 2637
444 2638
186 2639
64 2640
493 2641
92 2642
592 2643
594 2644
750 2645
499 2646
414 2647
153 2648
10 2649
696 2650
258 2651
352 2652
363 2653
413 2654
19 2655
571 2656
469 2657
796 2658
543 2659
260 2660
428 2661
241 2662
566 2663
192 2664
91 2665
334 2666
216 2667
204 2668
668 2669
462 2670
78 2671
263 2672
521 2673
704 2674
176 2675
612 2676
2 2677
478 2678
644 2679
633 2680
476 2681
534 2682
148 2683
365 2684
456 2685
459 2686
646 2687
91 2688
355 2689
334 2690
659 2691
426 2692
411 2693
24 2694
138 2695
15 2696
102 2697
96 2698
734 2699
281 2700
314 2701
283 2702
449 2703
97 2704
765 2705
127 2706
164 2707
144 2708
120 2709
327 2710
221 2711
608 2712
229 2713
421 2714
538 2715
66 2716
396 2717
271 2718
760 2719
722 2720
537 2721
140 2722
475 2723
701 2724
1 2725
367 2726
677 2727
152 2728
597 2729
362 2730
133 2731
223 2732
539 2733
185 2734
659 2735
110 2736
563 2737
547 2738
594 2739
83 2740
261 2741
379 2742
733 2743
335 2744
281 2745
722 2746
591 2747
530 2748
334 2749
451 2750
383 2751
222 2752
720 2753
523 2754
101 2755
184 2756
511 2757
721 2758
37 2759
87 2760
192 2761
778 2762
420 2763
533 2764
49 2765
296 2766
582 2767
98 2768
775 2769
370 2770
22 2771
133 2772
707 2773
799 2774
281 2775
98 2776
778 2777
385 2778
408 2779
75 2780
713 2781
617 2782
54 2783
389 2784
511 2785
400 2786
553 2787
790 2788
392 2789
365 2790
573 2791
119 2792
563 2793
445 2794
573 2795
543 2796
258 2797
531 2798
617 2799
653 2800
594 2801
641 2802
342 2803
425 2804
458 2805
791 2806
694 2807
218 2808
192 2809
216 2810
216 2811
630 2812
730 2813
214 2814
24 2815
634 2816
277 2817
531 2818
590 2819
58 2820
3 2821
798 2822
389 2823
558 2824
169 2825
250 2826
458 2827
796 2828
508 2829
657 2830
76 2831
798 2832
730 2833
225 2834
368 2835
727 2836
449 2837
151 2838
323 2839
217 2840
118 2841
437 2842
346 2843
575 2844
698 2845
119 2846
292 2847
404 2848
294 2849
283 2850
695 2851
775 2852
37 2853
151 2854
506 2855
160 2856
541 2857
532 2858
102 2859
679 2860
485 2861
258 2862
416 2863
408 2864
219 2865
593 2866
643 2867
408 2868
324 2869
131 2870
451 2871
472 2872
470 2873
671 2874
473 2875
297 2876
430 2877
215 2878
557 2879
764 2880
755 2881
49 2882
656 2883
527 2884
705 2885
373 2886
59 2887
100 2888
770 2889
249 2890
426 2891
779 2892
173 2893
335 2894
415 2895
143 2896
427 2897
267 2898
229 2899
73 2900
71 2901
199 2902
487 2903
549 2904
290 2905
10 2906
405 2907
592 2908
109 2909
243 2910
257 2911
406 2912
182 2913
473 2914
404 2915
529 2916
147 2917
55 2918
307 2919
769 2920
671 2921
174 2922
88 2923
539 2924
702 2925
139 2926
171 2927
723 2928
241 2929
387 2930
707 2931
769 2932
784 2933
429 2934
356 2935
63 2936
152 2937
125 2938
48 2939
313 2940
201 2941
527 2942
167 2943
451 2944
226 2945
780 2946
3 2947
29 2948
42 2949
777 2950
660 2951
199 2952
767 2953
514 2954
276 2955
592 2956
319 2957
312 2958
298 2959
464 2960
72 2961
709 2962
605 2963
741 2964
699 2965
758 2966
522 2967
262 2968
541 2969
550 2970
256 2971
320 2972
735 2973
457 2974
753 2975
427 2976
74 2977
466 2978
405 2979
291 2980
764 2981
781 2982
227 2983
425 2984
716 2985
111 2986
687 2987
427 2988
796 2989
537 2990
344 2991
123 2992
258 2993
433 2994
155 2995
277 2996
762 2997
104 2998
350 2999
798 3000
287 3001
226 3002
393 3003
302 3004
428 3005
18 3006
640 3007
711 3008
421 3009
16 3010
332 3011
624 3012
639 3013
519 3014
247 3015
336 3016
106 3017
404 3018
368 3019
733 3020
226 3021
337 3022
401 3023
480 3024
263 3025
545 3026
513 3027
80 3028
659 3029
449 3030
551 3031
548 3032
535 3033
717 3034
753 3035
375 3036
744 3037
639 3038
552 3039
96 3040
277 3041
157 3042
211 3043
741 3044
701 3045
263 3046
88 3047
413 3048
27 3049
685 3050
71 3051
244 3052
232 3053
644 3054
252 3055
738 3056
270 3057
704 3058
587 3059
494 3060
383 3061
374 3062
757 3063
38 3064
748 3065
617 3066
166 3067
266 3068
282 3069
358 3070
162 3071
585 3072
219 3073
251 3074
585 3075
778 3076
728 3077
123 3078
452 3079
397 3080
718 3081
455 3082
682 3083
512 3084
360 3085
603 3086
221 3087
132 3088
396 3089
768 3090
182 3091
661 3092
270 3093
695 3094
330 3095
595 3096
319 3097
342 3098
773 3099
153 3100
328 3101
256 3102
459 3103
245 3104
700 3105
650 3106
530 3107
512 3108
791 3109
23 3110
140 3111
19 3112
745 3113
256 3114
4 3115
320 3116
487 3117
8 3118
358 3119
311 3120
685 3121
20 3122
26 3123
163 3124
177 3125
459 3126
729 3127
376 3128
170 3129
541 3130
37 3131
617 3132
135 3133
426 3134
537 3135
317 3136
523 3137
377 3138
46 3139
144 3140
529 3141
506 3142
112 3143
655 3144
190 3145
19 3146
769 3147
446 3148
11 3149
70 3150
444 3151
547 3152
289 3153
364 3154
200 3155
622 3156
274 3157
115 3158
783 3159
774 3160
345 3161
474 3162
373 3163
269 3164
44 3165
783 3166
46 3167
504 3168
23 3169
241 3170
75 3171
284 3172
664 3173
364 3174
224 3175
518 3176
640 3177
745 3178
237 3179
537 3180
244 3181
207 3182
768 3183
163 3184
696 3185
753 3186
91 3187
57 3188
270 3189
779 3190
609 3191
1 3192
5 3193
442 3194
281 3195
560 3196
767 3197
275 3198
742 3199
520 3200
252 3201
496 3202
55 3203
383 3204
672 3205
599 3206
77 3207
214 3208
443 3209
439 3210
599 3211
636 3212
445 3213
500 3214
559 3215
76 3216
129 3217
345 3218
7 3219
136 3220
190 3221
142 3222
57 3223
284 3224
662 3225
161 3226
11 3227
136 3228
92 3229
81 3230
117 3231
115 3232
571 3233
15 3234
361 3235
307 3236
346 3237
428 3238
573 3239
398 3240
247 3241
522 3242
154 3243
418 3244
171 3245
18 3246
365 3247
436 3248
709 3249
123 3250
393 3251
533 3252
394 3253
552 3254
320 3255
681 3256
512 3257
376 3258
743 3259
497 3260
154 3261
390 3262
174 3263
647 3264
289 3265
301 3266
705 3267
350 3268
595 3269
513 3270
772 3271
136 3272
634 3273
258 3274
532 3275
790 3276
143 3277
74 3278
451 3279
635 3280
523 3281
494 3282
208 3283
556 3284
750 3285
169 3286
693 3287
287 3288
123 3289
454 3290
568 3291
353 3292
220 3293
425 3294
252 3295
305 3296
226 3297
666 3298
111 3299
434 3300
256 3301
519 3302
236 3303
136 3304
524 3305
719 3306
298 3307
663 3308
560 3309
203 3310
35 3311
61 3312
736 3313
503 3314
135 3315
731 3316
665 3317
199 3318
213 3319
612 3320
738 3321
780 3322
98 3323
448 3324
672 3325
35 3326
215 3327
511 3328
343 3329
676 3330
130 3331
109 3332
111 3333
769 3334
642 3335
316 3336
333 3337
21 3338
539 3339
209 3340
379 3341
562 3342
428 3343
558 3344
68 3345
209 3346
206 3347
432 3348
667 3349
45 3350
32 3351
788 3352
374 3353
382 3354
88 3355
340 3356
629 3357
492 3358
448 3359
308 3360
504 3361
102 3362
33 3363
133 3364
429 3365
570 3366
238 3367
625 3368
416 3369
486 3370
52 3371
793 3372
470 3373
337 3374
278 3375
770 3376
365 3377
694 3378
546 3379
238 3380
15 3381
546 3382
221 3383
773 3384
144 3385
104 3386
607 3387
11 3388
308 3389
485 3390
255 3391
357 3392
515 3393
540 3394
29 3395
103 3396
245 3397
686 3398
131 3399
227 3400
268 3401
677 3402
180 3403
218 3404
434 3405
135 3406
356 3407
182 3408
171 3409
89 3410
626 3411
341 3412
672 3413
772 3414
602 3415
554 3416
278 3417
205 3418
252 3419
688 3420
278 3421
141 3422
286 3423
553 3424
103 3425
614 3426
437 3427
49 3428
484 3429
94 3430
417 3431
734 3432
90 3433
165 3434
766 3435
701 3436
185 3437
382 3438
373 3439
696 3440
397 3441
707 3442
37 3443
587 3444
168 3445
406 3446
687 3447
142 3448
164 3449
390 3450
139 3451
3 3452
628 3453
206 3454
86 3455
14 3456
515 3457
770 3458
118 3459
404 3460
24 3461
787 3462
80 3463
564 3464
10 3465
366 3466
215 3467
101 3468
775 3469
555 3470
533 3471
236 3472
238 3473
321 3474
80 3475
424 3476
302 3477
575 3478
545 3479
370 3480
683 3481
560 3482
719 3483
20 3484
157 3485
447 3486
552 3487
281 3488
523 3489
91 3490
444 3491
448 3492
457 3493
612 3494
226 3495
558 3496
81 3497
502 3498
217 3499
700 3500
382 3501
723 3502
4 3503
771 3504
439 3505
114 3506
610 3507
541 3508
48 3509
604 3510
753 3511
496 3512
258 3513
80 3514
161 3515
22 3516
410 3517
472 3518
695 3519
518 3520
427 3521
266 3522
524 3523
666 3524
489 3525
399 3526
116 3527
799 3528
295 3529
36 3530
214 3531
392 3532
690 3533
793 3534
54 3535
259 3536
59 3537
706 3538
781 3539
442 3540
283 3541
473 3542
11 3543
618 3544
432 3545
101 3546
754 3547
530 3548
41 3549
480 3550
45 3551
722 3552
460 3553
26 3554
372 3555
385 3556
758 3557
40 3558
303 3559
574 3560
557 3561
245 3562
554 3563
706 3564
533 3565
512 3566
74 3567
725 3568
484 3569
526 3570
695 3571
63 3572
597 3573
763 3574
743 3575
40 3576
282 3577
418 3578
115 3579
76 3580
432 3581
547 3582
277 3583
102 3584
767 3585
721 3586
144 3587
154 3588
648 3589
35 3590
279 3591
19 3592
684 3593
233 3594
139 3595
383 3596
656 3597
230 3598
798 3599
183 3600
637 3601
642 3602
552 3603
561 3604
123 3605
288 3606
327 3607
486 3608
393 3609
263 3610
8 3611
35 3612
95 3613
515 3614
360 3615
299 3616
625 3617
724 3618
121 3619
127 3620
631 3621
709 3622
74 3623
68 3624
454 3625
138 3626
354 3627
208 3628
527 3629
135 3630
275 3631
692 3632
149 3633
732 3634
695 3635
311 3636
720 3637
99 3638
617 3639
535 3640
484 3641
662 3642
688 3643
581 3644
267 3645
100 3646
610 3647
588 3648
32 3649
237 3650
698 3651
110 3652
736 3653
612 3654
218 3655
104 3656
335 3657
306 3658
348 3659
582 3660
744 3661
227 3662
261 3663
333 3664
183 3665
719 3666
790 3667
525 3668
565 3669
241 3670
37 3671
366 3672
198 3673
498 3674
162 3675
739 3676
113 3677
420 3678
261 3679
258 3680
515 3681
481 3682
4 3683
318 3684
497 3685
522 3686
187 3687
324 3688
729 3689
526 3690
176 3691
730 3692
627 3693
352 3694
676 3695
412 3696
234 3697
737 3698
628 3699
442 3700
561 3701
624 3702
700 3703
175 3704
712 3705
448 3706
539 3707
738 3708
704 3709
19 3710
686 3711
229 3712
326 3713
507 3714
300 3715
597 3716
585 3717
255 3718
770 3719
149 3720
378 3721
793 3722
15 3723
310 3724
628 3725
164 3726
330 3727
652 3728
500 3729
334 3730
124 3731
501 3732
338 3733
155 3734
478 3735
217 3736
713 3737
644 3738
76 3739
448 3740
250 3741
462 3742
561 3743
633 3744
38 3745
382 3746
754 3747
418 3748
388 3749
223 3750
85 3751
621 3752
337 3753
548 3754
185 3755
179 3756
711 3757
740 3758
180 3759
9 3760
319 3761
122 3762
108 3763
6 3764
642 3765
775 3766
133 3767
740 3768
416 3769
625 3770
330 3771
163 3772
500 3773
753 3774
704 3775
40 3776
145 3777
424 3778
669 3779
479 3780
413 3781
681 3782
766 3783
417 3784
780 3785
245 3786
305 3787
53 3788
381 3789
601 3790
91 3791
667 3792
570 3793
87 3794
760 3795
250 3796
156 3797
250 3798
