4000
1 2
2 3
3 4
4 5
5 6
6 7
7 8
8 9
9 10
10 11
11 12
12 13
13 14
14 15
15 16
16 17
17 18
18 19
19 20
20 21
21 22
22 23
23 24
24 25
25 26
26 27
27 28
28 29
29 30
30 31
31 32
32 33
33 34
34 35
35 36
36 37
37 38
38 39
39 40
40 41
41 42
42 43
43 44
44 45
45 46
46 47
47 48
48 49
49 50
50 51
51 52
52 53
53 54
54 55
55 56
56 57
57 58
58 59
59 60
60 61
61 62
62 63
63 64
64 65
65 66
66 67
67 68
68 69
69 70
70 71
71 72
72 73
73 74
74 75
75 76
76 77
77 78
78 79
79 80
80 81
81 82
82 83
83 84
84 85
85 86
86 87
87 88
88 89
89 90
90 91
91 92
92 93
93 94
94 95
95 96
96 97
97 98
98 99
99 100
100 101
101 102
102 103
103 104
104 105
105 106
106 107
107 108
108 109
109 110
110 111
111 112
112 113
113 114
114 115
115 116
116 117
117 118
118 119
119 120
120 121
121 122
122 123
123 124
124 125
125 126
126 127
127 128
128 129
129 130
130 131
131 132
132 133
133 134
134 135
135 136
136 137
137 138
138 139
139 140
140 141
141 142
142 143
143 144
144 145
145 146
146 147
147 148
148 149
149 150
150 151
151 152
152 153
153 154
154 155
155 156
156 157
157 158
158 159
159 160
160 161
161 162
162 163
163 164
164 165
165 166
166 167
167 168
168 169
169 170
170 171
171 172
172 173
173 174
174 175
175 176
176 177
177 178
178 179
179 180
180 181
181 182
182 183
183 184
184 185
185 186
186 187
187 188
188 189
189 190
190 191
191 192
192 193
193 194
194 195
195 196
196 197
197 198
198 199
199 200
200 201
201 202
202 203
203 204
204 205
205 206
206 207
207 208
208 209
209 210
210 211
211 212
212 213
213 214
214 215
215 216
216 217
217 218
218 219
219 220
220 221
221 222
222 223
223 224
224 225
225 226
226 227
227 228
228 229
229 230
230 231
231 232
232 233
233 234
234 235
235 236
236 237
237 238
238 239
239 240
240 241
241 242
242 243
243 244
244 245
245 246
246 247
247 248
248 249
249 250
250 251
251 252
252 253
253 254
254 255
255 256
256 257
257 258
258 259
259 260
260 261
261 262
262 263
263 264
264 265
265 266
266 267
267 268
268 269
269 270
270 271
271 272
272 273
273 274
274 275
275 276
276 277
277 278
278 279
279 280
280 281
281 282
282 283
283 284
284 285
285 286
286 287
287 288
288 289
289 290
290 291
291 292
292 293
293 294
294 295
295 296
296 297
297 298
298 299
299 300
300 301
301 302
302 303
303 304
304 305
305 306
306 307
307 308
308 309
309 310
310 311
311 312
312 313
313 314
314 315
315 316
316 317
317 318
318 319
319 320
320 321
321 322
322 323
323 324
324 325
325 326
326 327
327 328
328 329
329 330
330 331
331 332
332 333
333 334
334 335
335 336
336 337
337 338
338 339
339 340
340 341
341 342
342 343
343 344
344 345
345 346
346 347
347 348
348 349
349 350
350 351
351 352
352 353
353 354
354 355
355 356
356 357
357 358
358 359
359 360
360 361
361 362
362 363
363 364
364 365
365 366
366 367
367 368
368 369
369 370
370 371
371 372
372 373
373 374
374 375
375 376
376 377
377 378
378 379
379 380
380 381
381 382
382 383
383 384
384 385
385 386
386 387
387 388
388 389
389 390
390 391
391 392
392 393
393 394
394 395
395 396
396 397
397 398
398 399
399 400
400 401
401 402
402 403
403 404
404 405
405 406
406 407
407 408
408 409
409 410
410 411
411 412
412 413
413 414
414 415
415 416
416 417
417 418
418 419
419 420
420 421
421 422
422 423
423 424
424 425
425 426
426 427
427 428
428 429
429 430
430 431
431 432
432 433
433 434
434 435
435 436
436 437
437 438
438 439
439 440
440 441
441 442
442 443
443 444
444 445
445 446
446 447
447 448
448 449
449 450
450 451
451 452
452 453
453 454
454 455
455 456
456 457
457 458
458 459
459 460
460 461
461 462
462 463
463 464
464 465
465 466
466 467
467 468
468 469
469 470
470 471
471 472
472 473
473 474
474 475
475 476
476 477
477 478
478 479
479 480
480 481
481 482
482 483
483 484
484 485
485 486
486 487
487 488
488 489
489 490
490 491
491 492
492 493
493 494
494 495
495 496
496 497
497 498
498 499
499 500
500 501
501 502
502 503
503 504
504 505
505 506
506 507
507 508
508 509
509 510
510 511
511 512
512 513
513 514
514 515
515 516
516 517
517 518
518 519
519 520
520 521
521 522
522 523
523 524
524 525
525 526
526 527
527 528
528 529
529 530
530 531
531 532
532 533
533 534
534 535
535 536
536 537
537 538
538 539
539 540
540 541
541 542
542 543
543 544
544 545
545 546
546 547
547 548
548 549
549 550
550 551
551 552
552 553
553 554
554 555
555 556
556 557
557 558
558 559
559 560
560 561
561 562
562 563
563 564
564 565
565 566
566 567
567 568
568 569
569 570
570 571
571 572
572 573
573 574
574 575
575 576
576 577
577 578
578 579
579 580
580 581
581 582
582 583
583 584
584 585
585 586
586 587
587 588
588 589
589 590
590 591
591 592
592 593
593 594
594 595
595 596
596 597
597 598
598 599
599 600
600 601
601 602
602 603
603 604
604 605
605 606
606 607
607 608
608 609
609 610
610 611
611 612
612 613
613 614
614 615
615 616
616 617
617 618
618 619
619 620
620 621
621 622
622 623
623 624
624 625
625 626
626 627
627 628
628 629
629 630
630 631
631 632
632 633
633 634
634 635
635 636
636 637
637 638
638 639
639 640
640 641
641 642
642 643
643 644
644 645
645 646
646 647
647 648
648 649
649 650
650 651
651 652
652 653
653 654
654 655
655 656
656 657
657 658
658 659
659 660
660 661
661 662
662 663
663 664
664 665
665 666
666 667
667 668
668 669
669 670
670 671
671 672
672 673
673 674
674 675
675 676
676 677
677 678
678 679
679 680
680 681
681 682
682 683
683 684
684 685
685 686
686 687
687 688
688 689
689 690
690 691
691 692
692 693
693 694
694 695
695 696
696 697
697 698
698 699
699 700
700 701
701 702
702 703
703 704
704 705
705 706
706 707
707 708
708 709
709 710
710 711
711 712
712 713
713 714
714 715
715 716
716 717
717 718
718 719
719 720
720 721
721 722
722 723
723 724
724 725
725 726
726 727
727 728
728 729
729 730
730 731
731 732
732 733
733 734
734 735
735 736
736 737
737 738
738 739
739 740
740 741
741 742
742 743
743 744
744 745
745 746
746 747
747 748
748 749
749 750
750 751
751 752
752 753
753 754
754 755
755 756
756 757
757 758
758 759
759 760
760 761
761 762
762 763
763 764
764 765
765 766
766 767
767 768
768 769
769 770
770 771
771 772
772 773
773 774
774 775
775 776
776 777
777 778
778 779
779 780
780 781
781 782
782 783
783 784
784 785
785 786
786 787
787 788
788 789
789 790
790 791
791 792
792 793
793 794
794 795
795 796
796 797
797 798
798 799
799 800
800 801
801 802
802 803
803 804
804 805
805 806
806 807
807 808
808 809
809 810
810 811
811 812
812 813
813 814
814 815
815 816
816 817
817 818
818 819
819 820
820 821
821 822
822 823
823 824
824 825
825 826
826 827
827 828
828 829
829 830
830 831
831 832
832 833
833 834
834 835
835 836
836 837
837 838
838 839
839 840
840 841
841 842
842 843
843 844
844 845
845 846
846 847
847 848
848 849
849 850
850 851
851 852
852 853
853 854
854 855
855 856
856 857
857 858
858 859
859 860
860 861
861 862
862 863
863 864
864 865
865 866
866 867
867 868
868 869
869 870
870 871
871 872
872 873
873 874
874 875
875 876
876 877
877 878
878 879
879 880
880 881
881 882
882 883
883 884
884 885
885 886
886 887
887 888
888 889
889 890
890 891
891 892
892 893
893 894
894 895
895 896
896 897
897 898
898 899
899 900
900 901
901 902
902 903
903 904
904 905
905 906
906 907
907 908
908 909
909 910
910 911
911 912
912 913
913 914
914 915
915 916
916 917
917 918
918 919
919 920
920 921
921 922
922 923
923 924
924 925
925 926
926 927
927 928
928 929
929 930
930 931
931 932
932 933
933 934
934 935
935 936
936 937
937 938
938 939
939 940
940 941
941 942
942 943
943 944
944 945
945 946
946 947
947 948
948 949
949 950
950 951
951 952
952 953
953 954
954 955
955 956
956 957
957 958
958 959
959 960
960 961
961 962
962 963
963 964
964 965
965 966
966 967
967 968
968 969
969 970
970 971
971 972
972 973
973 974
974 975
975 976
976 977
977 978
978 979
979 980
980 981
981 982
982 983
983 984
984 985
985 986
986 987
987 988
988 989
989 990
990 991
991 992
992 993
993 994
994 995
995 996
996 997
997 998
998 999
999 1000
1000 1001
1001 1002
1002 1003
1003 1004
1004 1005
1005 1006
1006 1007
1007 1008
1008 1009
1009 1010
1010 1011
1011 1012
1012 1013
1013 1014
1014 1015
1015 1016
1016 1017
1017 1018
1018 1019
1019 1020
1020 1021
1021 1022
1022 1023
1023 1024
1024 1025
1025 1026
1026 1027
1027 1028
1028 1029
1029 1030
1030 1031
1031 1032
1032 1033
1033 1034
1034 1035
1035 1036
1036 1037
1037 1038
1038 1039
1039 1040
1040 1041
1041 1042
1042 1043
1043 1044
1044 1045
1045 1046
1046 1047
1047 1048
1048 1049
1049 1050
1050 1051
1051 1052
1052 1053
1053 1054
1054 1055
1055 1056
1056 1057
1057 1058
1058 1059
1059 1060
1060 1061
1061 1062
1062 1063
1063 1064
1064 1065
1065 1066
1066 1067
1067 1068
1068 1069
1069 1070
1070 1071
1071 1072
1072 1073
1073 1074
1074 1075
1075 1076
1076 1077
1077 1078
1078 1079
1079 1080
1080 1081
1081 1082
1082 1083
1083 1084
1084 1085
1085 1086
1086 1087
1087 1088
1088 1089
1089 1090
1090 1091
1091 1092
1092 1093
1093 1094
1094 1095
1095 1096
1096 1097
1097 1098
1098 1099
1099 1100
1100 1101
1101 1102
1102 1103
1103 1104
1104 1105
1105 1106
1106 1107
1107 1108
1108 1109
1109 1110
1110 1111
1111 1112
1112 1113
1113 1114
1114 1115
1115 1116
1116 1117
1117 1118
1118 1119
1119 1120
1120 1121
1121 1122
1122 1123
1123 1124
1124 1125
1125 1126
1126 1127
1127 1128
1128 1129
1129 1130
1130 1131
1131 1132
1132 1133
1133 1134
1134 1135
1135 1136
1136 1137
1137 1138
1138 1139
1139 1140
1140 1141
1141 1142
1142 1143
1143 1144
1144 1145
1145 1146
1146 1147
1147 1148
1148 1149
1149 1150
1150 1151
1151 1152
1152 1153
1153 1154
1154 1155
1155 1156
1156 1157
1157 1158
1158 1159
1159 1160
1160 1161
1161 1162
1162 1163
1163 1164
1164 1165
1165 1166
1166 1167
1167 1168
1168 1169
1169 1170
1170 1171
1171 1172
1172 1173
1173 1174
1174 1175
1175 1176
1176 1177
1177 1178
1178 1179
1179 1180
1180 1181
1181 1182
1182 1183
1183 1184
1184 1185
1185 1186
1186 1187
1187 1188
1188 1189
1189 1190
1190 1191
1191 1192
1192 1193
1193 1194
1194 1195
1195 1196
1196 1197
1197 1198
1198 1199
1199 1200
1200 1201
1201 1202
1202 1203
1203 1204
1204 1205
1205 1206
1206 1207
1207 1208
1208 1209
1209 1210
1210 1211
1211 1212
1212 1213
1213 1214
1214 1215
1215 1216
1216 1217
1217 1218
1218 1219
1219 1220
1220 1221
1221 1222
1222 1223
1223 1224
1224 1225
1225 1226
1226 1227
1227 1228
1228 1229
1229 1230
1230 1231
1231 1232
1232 1233
1233 1234
1234 1235
1235 1236
1236 1237
1237 1238
1238 1239
1239 1240
1240 1241
1241 1242
1242 1243
1243 1244
1244 1245
1245 1246
1246 1247
1247 1248
1248 1249
1249 1250
1250 1251
1251 1252
1252 1253
1253 1254
1254 1255
1255 1256
1256 1257
1257 1258
1258 1259
1259 1260
1260 1261
1261 1262
1262 1263
1263 1264
1264 1265
1265 1266
1266 1267
1267 1268
1268 1269
1269 1270
1270 1271
1271 1272
1272 1273
1273 1274
1274 1275
1275 1276
1276 1277
1277 1278
1278 1279
1279 1280
1280 1281
1281 1282
1282 1283
1283 1284
1284 1285
1285 1286
1286 1287
1287 1288
1288 1289
1289 1290
1290 1291
1291 1292
1292 1293
1293 1294
1294 1295
1295 1296
1296 1297
1297 1298
1298 1299
1299 1300
1300 1301
1301 1302
1302 1303
1303 1304
1304 1305
1305 1306
1306 1307
1307 1308
1308 1309
1309 1310
1310 1311
1311 1312
1312 1313
1313 1314
1314 1315
1315 1316
1316 1317
1317 1318
1318 1319
1319 1320
1320 1321
1321 1322
1322 1323
1323 1324
1324 1325
1325 1326
1326 1327
1327 1328
1328 1329
1329 1330
1330 1331
1331 1332
1332 1333
1333 1334
1334 1335
1335 1336
1336 1337
1337 1338
1338 1339
1339 1340
1340 1341
1341 1342
1342 1343
1343 1344
1344 1345
1345 1346
1346 1347
1347 1348
1348 1349
1349 1350
1350 1351
1351 1352
1352 1353
1353 1354
1354 1355
1355 1356
1356 1357
1357 1358
1358 1359
1359 1360
1360 1361
1361 1362
1362 1363
1363 1364
1364 1365
1365 1366
1366 1367
1367 1368
1368 1369
1369 1370
1370 1371
1371 1372
1372 1373
1373 1374
1374 1375
1375 1376
1376 1377
1377 1378
1378 1379
1379 1380
1380 1381
1381 1382
1382 1383
1383 1384
1384 1385
1385 1386
1386 1387
1387 1388
1388 1389
1389 1390
1390 1391
1391 1392
1392 1393
1393 1394
1394 1395
1395 1396
1396 1397
1397 1398
1398 1399
1399 1400
1400 1401
1401 1402
1402 1403
1403 1404
1404 1405
1405 1406
1406 1407
1407 1408
1408 1409
1409 1410
1410 1411
1411 1412
1412 1413
1413 1414
1414 1415
1415 1416
1416 1417
1417 1418
1418 1419
1419 1420
1420 1421
1421 1422
1422 1423
1423 1424
1424 1425
1425 1426
1426 1427
1427 1428
1428 1429
1429 1430
1430 1431
1431 1432
1432 1433
1433 1434
1434 1435
1435 1436
1436 1437
1437 1438
1438 1439
1439 1440
1440 1441
1441 1442
1442 1443
1443 1444
1444 1445
1445 1446
1446 1447
1447 1448
1448 1449
1449 1450
1450 1451
1451 1452
1452 1453
1453 1454
1454 1455
1455 1456
1456 1457
1457 1458
1458 1459
1459 1460
1460 1461
1461 1462
1462 1463
1463 1464
1464 1465
1465 1466
1466 1467
1467 1468
1468 1469
1469 1470
1470 1471
1471 1472
1472 1473
1473 1474
1474 1475
1475 1476
1476 1477
1477 1478
1478 1479
1479 1480
1480 1481
1481 1482
1482 1483
1483 1484
1484 1485
1485 1486
1486 1487
1487 1488
1488 1489
1489 1490
1490 1491
1491 1492
1492 1493
1493 1494
1494 1495
1495 1496
1496 1497
1497 1498
1498 1499
1499 1500
1500 1501
1501 1502
1502 1503
1503 1504
1504 1505
1505 1506
1506 1507
1507 1508
1508 1509
1509 1510
1510 1511
1511 1512
1512 1513
1513 1514
1514 1515
1515 1516
1516 1517
1517 1518
1518 1519
1519 1520
1520 1521
1521 1522
1522 1523
1523 1524
1524 1525
1525 1526
1526 1527
1527 1528
1528 1529
1529 1530
1530 1531
1531 1532
1532 1533
1533 1534
1534 1535
1535 1536
1536 1537
1537 1538
1538 1539
1539 1540
1540 1541
1541 1542
1542 1543
1543 1544
1544 1545
1545 1546
1546 1547
1547 1548
1548 1549
1549 1550
1550 1551
1551 1552
1552 1553
1553 1554
1554 1555
1555 1556
1556 1557
1557 1558
1558 1559
1559 1560
1560 1561
1561 1562
1562 1563
1563 1564
1564 1565
1565 1566
1566 1567
1567 1568
1568 1569
1569 1570
1570 1571
1571 1572
1572 1573
1573 1574
1574 1575
1575 1576
1576 1577
1577 1578
1578 1579
1579 1580
1580 1581
1581 1582
1582 1583
1583 1584
1584 1585
1585 1586
1586 1587
1587 1588
1588 1589
1589 1590
1590 1591
1591 1592
1592 1593
1593 1594
1594 1595
1595 1596
1596 1597
1597 1598
1598 1599
1599 1600
1600 1601
1601 1602
1602 1603
1603 1604
1604 1605
1605 1606
1606 1607
1607 1608
1608 1609
1609 1610
1610 1611
1611 1612
1612 1613
1613 1614
1614 1615
1615 1616
1616 1617
1617 1618
1618 1619
1619 1620
1620 1621
1621 1622
1622 1623
1623 1624
1624 1625
1625 1626
1626 1627
1627 1628
1628 1629
1629 1630
1630 1631
1631 1632
1632 1633
1633 1634
1634 1635
1635 1636
1636 1637
1637 1638
1638 1639
1639 1640
1640 1641
1641 1642
1642 1643
1643 1644
1644 1645
1645 1646
1646 1647
1647 1648
1648 1649
1649 1650
1650 1651
1651 1652
1652 1653
1653 1654
1654 1655
1655 1656
1656 1657
1657 1658
1658 1659
1659 1660
1660 1661
1661 1662
1662 1663
1663 1664
1664 1665
1665 1666
1666 1667
1667 1668
1668 1669
1669 1670
1670 1671
1671 1672
1672 1673
1673 1674
1674 1675
1675 1676
1676 1677
1677 1678
1678 1679
1679 1680
1680 1681
1681 1682
1682 1683
1683 1684
1684 1685
1685 1686
1686 1687
1687 1688
1688 1689
1689 1690
1690 1691
1691 1692
1692 1693
1693 1694
1694 1695
1695 1696
1696 1697
1697 1698
1698 1699
1699 1700
1700 1701
1701 1702
1702 1703
1703 1704
1704 1705
1705 1706
1706 1707
1707 1708
1708 1709
1709 1710
1710 1711
1711 1712
1712 1713
1713 1714
1714 1715
1715 1716
1716 1717
1717 1718
1718 1719
1719 1720
1720 1721
1721 1722
1722 1723
1723 1724
1724 1725
1725 1726
1726 1727
1727 1728
1728 1729
1729 1730
1730 1731
1731 1732
1732 1733
1733 1734
1734 1735
1735 1736
1736 1737
1737 1738
1738 1739
1739 1740
1740 1741
1741 1742
1742 1743
1743 1744
1744 1745
1745 1746
1746 1747
1747 1748
1748 1749
1749 1750
1750 1751
1751 1752
1752 1753
1753 1754
1754 1755
1755 1756
1756 1757
1757 1758
1758 1759
1759 1760
1760 1761
1761 1762
1762 1763
1763 1764
1764 1765
1765 1766
1766 1767
1767 1768
1768 1769
1769 1770
1770 1771
1771 1772
1772 1773
1773 1774
1774 1775
1775 1776
1776 1777
1777 1778
1778 1779
1779 1780
1780 1781
1781 1782
1782 1783
1783 1784
1784 1785
1785 1786
1786 1787
1787 1788
1788 1789
1789 1790
1790 1791
1791 1792
1792 1793
1793 1794
1794 1795
1795 1796
1796 1797
1797 1798
1798 1799
1799 1800
1800 1801
1801 1802
1802 1803
1803 1804
1804 1805
1805 1806
1806 1807
1807 1808
1808 1809
1809 1810
1810 1811
1811 1812
1812 1813
1813 1814
1814 1815
1815 1816
1816 1817
1817 1818
1818 1819
1819 1820
1820 1821
1821 1822
1822 1823
1823 1824
1824 1825
1825 1826
1826 1827
1827 1828
1828 1829
1829 1830
1830 1831
1831 1832
1832 1833
1833 1834
1834 1835
1835 1836
1836 1837
1837 1838
1838 1839
1839 1840
1840 1841
1841 1842
1842 1843
1843 1844
1844 1845
1845 1846
1846 1847
1847 1848
1848 1849
1849 1850
1850 1851
1851 1852
1852 1853
1853 1854
1854 1855
1855 1856
1856 1857
1857 1858
1858 1859
1859 1860
1860 1861
1861 1862
1862 1863
1863 1864
1864 1865
1865 1866
1866 1867
1867 1868
1868 1869
1869 1870
1870 1871
1871 1872
1872 1873
1873 1874
1874 1875
1875 1876
1876 1877
1877 1878
1878 1879
1879 1880
1880 1881
1881 1882
1882 1883
1883 1884
1884 1885
1885 1886
1886 1887
1887 1888
1888 1889
1889 1890
1890 1891
1891 1892
1892 1893
1893 1894
1894 1895
1895 1896
1896 1897
1897 1898
1898 1899
1899 1900
1900 1901
1901 1902
1902 1903
1903 1904
1904 1905
1905 1906
1906 1907
1907 1908
1908 1909
1909 1910
1910 1911
1911 1912
1912 1913
1913 1914
1914 1915
1915 1916
1916 1917
1917 1918
1918 1919
1919 1920
1920 1921
1921 1922
1922 1923
1923 1924
1924 1925
1925 1926
1926 1927
1927 1928
1928 1929
1929 1930
1930 1931
1931 1932
1932 1933
1933 1934
1934 1935
1935 1936
1936 1937
1937 1938
1938 1939
1939 1940
1940 1941
1941 1942
1942 1943
1943 1944
1944 1945
1945 1946
1946 1947
1947 1948
1948 1949
1949 1950
1950 1951
1951 1952
1952 1953
1953 1954
1954 1955
1955 1956
1956 1957
1957 1958
1958 1959
1959 1960
1960 1961
1961 1962
1962 1963
1963 1964
1964 1965
1965 1966
1966 1967
1967 1968
1968 1969
1969 1970
1970 1971
1971 1972
1972 1973
1973 1974
1974 1975
1975 1976
1976 1977
1977 1978
1978 1979
1979 1980
1980 1981
1981 1982
1982 1983
1983 1984
1984 1985
1985 1986
1986 1987
1987 1988
1988 1989
1989 1990
1990 1991
1991 1992
1992 1993
1993 1994
1994 1995
1995 1996
1996 1997
1997 1998
1998 1999
1999 2000
1756 2001
419 2002
1146 2003
546 2004
192 2005
948 2006
299 2007
877 2008
1634 2009
209 2010
1051 2011
1130 2012
1465 2013
1078 2014
709 2015
901 2016
1966 2017
613 2018
594 2019
932 2020
1314 2021
1642 2022
252 2023
455 2024
466 2025
800 2026
404 2027
863 2028
1546 2029
549 2030
1857 2031
947 2032
1256 2033
1195 2034
1451 2035
1601 2036
291 2037
433 2038
839 2039
1570 2040
1212 2041
1826 2042
755 2043
449 2044
1907 2045
972 2046
1621 2047
813 2048
637 2049
4 2050
671 2051
1981 2052
1956 2053
1928 2054
485 2055
84 2056
1024 2057
1476 2058
1394 2059
166 2060
1301 2061
1497 2062
328 2063
1113 2064
1308 2065
1387 2066
438 2067
1663 2068
199 2069
1706 2070
831 2071
1603 2072
287 2073
692 2074
729 2075
609 2076
1664 2077
184 2078
1107 2079
1292 2080
136 2081
846 2082
1338 2083
874 2084
988 2085
661 2086
1134 2087
1490 2088
411 2089
573 2090
545 2091
1802 2092
1751 2093
487 2094
1984 2095
1178 2096
1601 2097
1354 2098
452 2099
1893 2100
772 2101
391 2102
1291 2103
1352 2104
85 2105
703 2106
1939 2107
739 2108
921 2109
1427 2110
903 2111
1161 2112
40 2113
763 2114
845 2115
595 2116
576 2117
1227 2118
1006 2119
441 2120
1053 2121
708 2122
808 2123
339 2124
776 2125
71 2126
433 2127
1437 2128
366 2129
288 2130
573 2131
634 2132
562 2133
96 2134
818 2135
906 2136
69 2137
890 2138
554 2139
1919 2140
1253 2141
1555 2142
792 2143
956 2144
4 2145
980 2146
639 2147
687 2148
1355 2149
1921 2150
31 2151
1809 2152
1758 2153
1791 2154
1873 2155
139 2156
1953 2157
1714 2158
1941 2159
1131 2160
1915 2161
212 2162
921 2163
327 2164
746 2165
1645 2166
669 2167
993 2168
248 2169
47 2170
550 2171
1788 2172
1469 2173
641 2174
448 2175
1854 2176
228 2177
1855 2178
439 2179
1415 2180
882 2181
1328 2182
1255 2183
1409 2184
36 2185
1800 2186
1394 2187
887 2188
1017 2189
862 2190
354 2191
1371 2192
337 2193
1520 2194
816 2195
899 2196
963 2197
1542 2198
453 2199
980 2200
245 2201
1637 2202
798 2203
1778 2204
1767 2205
278 2206
1429 2207
135 2208
225 2209
1046 2210
1470 2211
1138 2212
1343 2213
942 2214
847 2215
161 2216
553 2217
1845 2218
68 2219
994 2220
168 2221
1413 2222
641 2223
1142 2224
566 2225
1899 2226
1082 2227
1303 2228
550 2229
1811 2230
895 2231
108 2232
692 2233
884 2234
1516 2235
43 2236
45 2237
664 2238
1648 2239
254 2240
818 2241
271 2242
156 2243
169 2244
1689 2245
244 2246
95 2247
1162 2248
1445 2249
336 2250
559 2251
1122 2252
999 2253
477 2254
1658 2255
371 2256
1317 2257
637 2258
46 2259
1515 2260
1001 2261
1389 2262
1078 2263
1792 2264
301 2265
148 2266
1350 2267
60 2268
1895 2269
1825 2270
601 2271
1612 2272
607 2273
1620 2274
425 2275
147 2276
728 2277
394 2278
638 2279
148 2280
1694 2281
47 2282
1034 2283
1263 2284
797 2285
1152 2286
613 2287
91 2288
1843 2289
623 2290
773 2291
1302 2292
1975 2293
1658 2294
1201 2295
1625 2296
793 2297
1853 2298
1685 2299
32 2300
1531 2301
1159 2302
1976 2303
408 2304
1041 2305
1547 2306
12 2307
201 2308
1733 2309
537 2310
774 2311
1494 2312
830 2313
1820 2314
863 2315
1666 2316
1778 2317
212 2318
602 2319
278 2320
1482 2321
39 2322
1063 2323
689 2324
821 2325
1523 2326
119 2327
1535 2328
735 2329
1256 2330
177 2331
1485 2332
1171 2333
820 2334
740 2335
91 2336
575 2337
1502 2338
782 2339
482 2340
903 2341
263 2342
845 2343
521 2344
1693 2345
94 2346
452 2347
67 2348
1855 2349
1651 2350
768 2351
779 2352
113 2353
974 2354
1452 2355
1955 2356
1357 2357
33 2358
1505 2359
393 2360
8 2361
1211 2362
1218 2363
1435 2364
886 2365
1406 2366
55 2367
1676 2368
977 2369
372 2370
1944 2371
471 2372
1366 2373
1918 2374
620 2375
116 2376
433 2377
604 2378
178 2379
1529 2380
331 2381
676 2382
1985 2383
851 2384
928 2385
1276 2386
747 2387
1941 2388
22 2389
522 2390
919 2391
1711 2392
266 2393
1407 2394
1935 2395
691 2396
1517 2397
735 2398
1895 2399
1892 2400
1632 2401
805 2402
1136 2403
832 2404
411 2405
1988 2406
987 2407
880 2408
980 2409
992 2410
689 2411
605 2412
974 2413
942 2414
1635 2415
1621 2416
896 2417
1930 2418
958 2419
510 2420
1720 2421
1704 2422
1041 2423
1643 2424
1247 2425
1597 2426
962 2427
1548 2428
991 2429
1838 2430
125 2431
571 2432
1394 2433
585 2434
1502 2435
1556 2436
1789 2437
483 2438
1650 2439
52 2440
1341 2441
193 2442
1065 2443
102 2444
481 2445
1627 2446
527 2447
1162 2448
1064 2449
1982 2450
363 2451
247 2452
1516 2453
578 2454
1671 2455
978 2456
1695 2457
1435 2458
897 2459
1632 2460
1236 2461
195 2462
497 2463
1720 2464
1970 2465
24 2466
460 2467
428 2468
1412 2469
1089 2470
1736 2471
745 2472
1301 2473
1207 2474
962 2475
925 2476
938 2477
1282 2478
588 2479
649 2480
560 2481
82 2482
1979 2483
1832 2484
936 2485
287 2486
960 2487
1919 2488
1968 2489
1571 2490
1077 2491
1284 2492
1573 2493
1734 2494
346 2495
1219 2496
1605 2497
106 2498
1392 2499
719 2500
121 2501
712 2502
1959 2503
247 2504
1491 2505
170 2506
1699 2507
1930 2508
1668 2509
1211 2510
100 2511
203 2512
753 2513
940 2514
326 2515
664 2516
903 2517
729 2518
949 2519
839 2520
204 2521
1787 2522
645 2523
178 2524
1016 2525
1135 2526
130 2527
1126 2528
629 2529
807 2530
1651 2531
1958 2532
1683 2533
703 2534
149 2535
1717 2536
319 2537
514 2538
869 2539
1764 2540
1380 2541
702 2542
1693 2543
280 2544
626 2545
406 2546
1123 2547
1167 2548
1262 2549
1015 2550
30 2551
1221 2552
1083 2553
1469 2554
411 2555
706 2556
744 2557
1526 2558
1423 2559
135 2560
1609 2561
7 2562
1630 2563
1769 2564
1562 2565
1166 2566
1259 2567
492 2568
1505 2569
40 2570
336 2571
99 2572
484 2573
1187 2574
1888 2575
1815 2576
171 2577
87 2578
1132 2579
1095 2580
327 2581
1169 2582
1715 2583
719 2584
595 2585
64 2586
221 2587
1820 2588
394 2589
947 2590
458 2591
1582 2592
1497 2593
882 2594
1686 2595
959 2596
151 2597
1885 2598
128 2599
547 2600
1314 2601
610 2602
396 2603
1168 2604
315 2605
1155 2606
1093 2607
1313 2608
229 2609
1494 2610
1079 2611
917 2612
569 2613
1503 2614
636 2615
861 2616
46 2617
619 2618
1893 2619
726 2620
1000 2621
1726 2622
1515 2623
1444 2624
254 2625
976 2626
918 2627
1664 2628
1232 2629
1092 2630
1182 2631
1731 2632
1321 2633
921 2634
384 2635
1923 2636
1137 2637
1700 2638
1764 2639
221 2640
647 2641
205 2642
1197 2643
900 2644
1389 2645
473 2646
544 2647
120 2648
1283 2649
1480 2650
745 2651
1659 2652
1289 2653
1104 2654
298 2655
640 2656
1919 2657
1898 2658
1156 2659
1813 2660
1056 2661
1003 2662
731 2663
835 2664
414 2665
1269 2666
1142 2667
1875 2668
143 2669
975 2670
549 2671
1395 2672
121 2673
1091 2674
1686 2675
1562 2676
1114 2677
519 2678
1544 2679
1304 2680
235 2681
1358 2682
1601 2683
1873 2684
1685 2685
303 2686
94 2687
1659 2688
773 2689
86 2690
42 2691
1286 2692
1564 2693
1050 2694
1441 2695
1756 2696
794 2697
1551 2698
1172 2699
25 2700
1452 2701
508 2702
911 2703
797 2704
1123 2705
928 2706
1017 2707
1983 2708
1000 2709
1297 2710
1629 2711
932 2712
605 2713
1333 2714
487 2715
417 2716
5 2717
1460 2718
80 2719
237 2720
246 2721
350 2722
1342 2723
58 2724
94 2725
345 2726
630 2727
1334 2728
1668 2729
189 2730
1555 2731
1932 2732
881 2733
116 2734
1739 2735
561 2736
206 2737
1020 2738
400 2739
732 2740
767 2741
911 2742
1140 2743
1397 2744
1409 2745
245 2746
1697 2747
594 2748
528 2749
1000 2750
1784 2751
1677 2752
780 2753
24 2754
169 2755
826 2756
445 2757
752 2758
1666 2759
1512 2760
1860 2761
1513 2762
571 2763
645 2764
1636 2765
989 2766
1201 2767
231 2768
929 2769
1807 2770
1777 2771
169 2772
1992 2773
1449 2774
1544 2775
962 2776
207 2777
1606 2778
1801 2779
732 2780
462 2781
1489 2782
622 2783
1460 2784
1823 2785
350 2786
834 2787
845 2788
1041 2789
583 2790
1343 2791
410 2792
1971 2793
1914 2794
772 2795
540 2796
159 2797
1377 2798
425 2799
1992 2800
1701 2801
257 2802
1829 2803
1677 2804
1018 2805
1448 2806
192 2807
836 2808
1408 2809
1920 2810
1797 2811
1417 2812
1176 2813
249 2814
1594 2815
473 2816
1973 2817
1862 2818
387 2819
396 2820
307 2821
1831 2822
1571 2823
789 2824
1144 2825
1847 2826
1141 2827
712 2828
281 2829
1671 2830
587 2831
668 2832
241 2833
1242 2834
1972 2835
897 2836
813 2837
1890 2838
1251 2839
1331 2840
427 2841
363 2842
958 2843
559 2844
965 2845
1047 2846
356 2847
245 2848
536 2849
1930 2850
1378 2851
479 2852
1290 2853
470 2854
1080 2855
49 2856
1835 2857
1370 2858
1239 2859
818 2860
763 2861
1478 2862
1518 2863
1722 2864
45 2865
163 2866
1894 2867
1260 2868
1274 2869
976 2870
314 2871
1702 2872
761 2873
640 2874
1291 2875
790 2876
1821 2877
866 2878
147 2879
943 2880
1967 2881
289 2882
1096 2883
189 2884
270 2885
1694 2886
1252 2887
1765 2888
581 2889
1370 2890
290 2891
1233 2892
60 2893
1160 2894
1403 2895
795 2896
1153 2897
786 2898
1251 2899
1223 2900
1992 2901
1659 2902
557 2903
1077 2904
448 2905
821 2906
1078 2907
535 2908
665 2909
372 2910
1328 2911
912 2912
195 2913
1971 2914
333 2915
1342 2916
152 2917
1909 2918
1360 2919
618 2920
925 2921
335 2922
558 2923
430 2924
1556 2925
756 2926
1546 2927
166 2928
454 2929
944 2930
1202 2931
1497 2932
255 2933
266 2934
1044 2935
1225 2936
74 2937
1043 2938
1797 2939
474 2940
112 2941
1748 2942
915 2943
1600 2944
1995 2945
1608 2946
617 2947
316 2948
1535 2949
1973 2950
723 2951
1000 2952
1259 2953
1585 2954
1043 2955
832 2956
1564 2957
754 2958
1603 2959
1988 2960
611 2961
838 2962
1644 2963
587 2964
744 2965
180 2966
1191 2967
90 2968
1535 2969
1811 2970
433 2971
614 2972
1402 2973
1322 2974
1508 2975
1398 2976
687 2977
200 2978
1444 2979
972 2980
251 2981
1189 2982
87 2983
870 2984
1751 2985
1272 2986
1481 2987
960 2988
91 2989
1626 2990
654 2991
588 2992
832 2993
1962 2994
1209 2995
1253 2996
602 2997
931 2998
765 2999
1487 3000
1573 3001
923 3002
1474 3003
915 3004
1007 3005
174 3006
59 3007
1339 3008
903 3009
1275 3010
1349 3011
1737 3012
1221 3013
1612 3014
1314 3015
668 3016
650 3017
1612 3018
1575 3019
1285 3020
1769 3021
1060 3022
1827 3023
1703 3024
406 3025
182 3026
33 3027
46 3028
1133 3029
30 3030
191 3031
641 3032
1174 3033
549 3034
144 3035
1435 3036
1560 3037
600 3038
175 3039
1558 3040
1820 3041
1497 3042
837 3043
521 3044
132 3045
212 3046
1853 3047
1171 3048
1979 3049
1957 3050
70 3051
1608 3052
1230 3053
424 3054
137 3055
941 3056
1932 3057
1424 3058
988 3059
1774 3060
570 3061
204 3062
245 3063
184 3064
1402 3065
152 3066
403 3067
1411 3068
620 3069
1344 3070
1049 3071
1136 3072
1925 3073
1594 3074
380 3075
1796 3076
1296 3077
708 3078
272 3079
1331 3080
1843 3081
187 3082
910 3083
1985 3084
1731 3085
606 3086
489 3087
1317 3088
1018 3089
1218 3090
449 3091
1039 3092
840 3093
631 3094
55 3095
619 3096
631 3097
331 3098
1714 3099
950 3100
1444 3101
1598 3102
529 3103
1792 3104
1019 3105
1894 3106
722 3107
1523 3108
1954 3109
500 3110
1027 3111
1507 3112
120 3113
1318 3114
311 3115
1959 3116
991 3117
1870 3118
139 3119
487 3120
889 3121
1923 3122
761 3123
694 3124
799 3125
1702 3126
1869 3127
1394 3128
1783 3129
1752 3130
1510 3131
874 3132
214 3133
1770 3134
1279 3135
1887 3136
676 3137
21 3138
111 3139
221 3140
576 3141
972 3142
1694 3143
1164 3144
772 3145
1662 3146
1225 3147
1171 3148
1659 3149
2000 3150
1463 3151
1516 3152
1775 3153
1499 3154
1772 3155
622 3156
695 3157
1793 3158
1054 3159
1830 3160
1089 3161
1910 3162
263 3163
1031 3164
509 3165
1021 3166
619 3167
1189 3168
555 3169
736 3170
1994 3171
1900 3172
260 3173
1956 3174
200 3175
1478 3176
1071 3177
668 3178
571 3179
1980 3180
541 3181
765 3182
1188 3183
1644 3184
1223 3185
1202 3186
1602 3187
1261 3188
1241 3189
192 3190
1635 3191
1119 3192
94 3193
1133 3194
1645 3195
598 3196
366 3197
653 3198
220 3199
105 3200
853 3201
861 3202
93 3203
357 3204
566 3205
1732 3206
826 3207
728 3208
832 3209
1542 3210
774 3211
1771 3212
143 3213
1307 3214
700 3215
447 3216
86 3217
1423 3218
803 3219
1003 3220
1612 3221
1708 3222
1685 3223
628 3224
885 3225
1349 3226
832 3227
1935 3228
755 3229
723 3230
1644 3231
451 3232
1852 3233
54 3234
1630 3235
1651 3236
445 3237
100 3238
1740 3239
602 3240
879 3241
166 3242
1298 3243
1719 3244
1897 3245
291 3246
197 3247
1211 3248
1302 3249
1852 3250
966 3251
337 3252
73 3253
1291 3254
697 3255
1902 3256
1326 3257
550 3258
1735 3259
1497 3260
339 3261
504 3262
1265 3263
1916 3264
839 3265
1569 3266
1030 3267
395 3268
81 3269
236 3270
998 3271
197 3272
420 3273
178 3274
1271 3275
25 3276
625 3277
366 3278
1304 3279
1563 3280
46 3281
1777 3282
1653 3283
471 3284
1654 3285
1414 3286
1754 3287
820 3288
1665 3289
328 3290
1003 3291
1997 3292
406 3293
946 3294
1652 3295
1132 3296
1950 3297
1960 3298
988 3299
696 3300
1050 3301
837 3302
240 3303
481 3304
440 3305
356 3306
861 3307
1913 3308
1921 3309
322 3310
1693 3311
837 3312
1879 3313
84 3314
694 3315
1940 3316
781 3317
229 3318
1055 3319
975 3320
1623 3321
643 3322
324 3323
1634 3324
709 3325
1755 3326
1420 3327
1834 3328
1097 3329
1681 3330
938 3331
1216 3332
1857 3333
277 3334
225 3335
1365 3336
929 3337
306 3338
203 3339
94 3340
1697 3341
1705 3342
1227 3343
1473 3344
1367 3345
1726 3346
1122 3347
1232 3348
38 3349
1105 3350
1455 3351
295 3352
999 3353
1983 3354
586 3355
1937 3356
1463 3357
1546 3358
1075 3359
1935 3360
273 3361
1718 3362
1814 3363
1339 3364
1469 3365
1685 3366
834 3367
1866 3368
1498 3369
1702 3370
475 3371
608 3372
1399 3373
506 3374
1820 3375
1321 3376
1624 3377
1255 3378
1008 3379
933 3380
1239 3381
1392 3382
627 3383
419 3384
442 3385
436 3386
645 3387
689 3388
1508 3389
1686 3390
1775 3391
1987 3392
1246 3393
654 3394
521 3395
1010 3396
246 3397
1870 3398
1835 3399
1175 3400
1528 3401
1047 3402
515 3403
216 3404
1565 3405
700 3406
806 3407
1634 3408
1842 3409
55 3410
858 3411
345 3412
58 3413
1356 3414
131 3415
1323 3416
70 3417
459 3418
1164 3419
395 3420
1380 3421
1993 3422
729 3423
1181 3424
1094 3425
1441 3426
1467 3427
1197 3428
245 3429
86 3430
1348 3431
1125 3432
485 3433
1213 3434
972 3435
1006 3436
1962 3437
713 3438
1106 3439
311 3440
1756 3441
343 3442
214 3443
564 3444
935 3445
11 3446
647 3447
1928 3448
1157 3449
1338 3450
1241 3451
423 3452
1312 3453
730 3454
1337 3455
885 3456
979 3457
327 3458
1332 3459
1123 3460
1217 3461
807 3462
1077 3463
187 3464
840 3465
1136 3466
1229 3467
554 3468
1287 3469
1880 3470
1528 3471
1421 3472
1182 3473
1165 3474
1358 3475
479 3476
164 3477
823 3478
1207 3479
1794 3480
447 3481
891 3482
1010 3483
92 3484
1695 3485
145 3486
1815 3487
1572 3488
604 3489
392 3490
460 3491
573 3492
1538 3493
24 3494
917 3495
1474 3496
1914 3497
584 3498
1872 3499
1458 3500
395 3501
593 3502
1232 3503
1375 3504
944 3505
1171 3506
535 3507
465 3508
1275 3509
471 3510
1498 3511
1120 3512
1530 3513
836 3514
576 3515
1282 3516
618 3517
934 3518
1499 3519
658 3520
1450 3521
1852 3522
1770 3523
1282 3524
1585 3525
336 3526
814 3527
1810 3528
802 3529
925 3530
1755 3531
113 3532
1838 3533
1388 3534
1729 3535
291 3536
1947 3537
607 3538
268 3539
1459 3540
420 3541
82 3542
793 3543
747 3544
544 3545
959 3546
11 3547
131 3548
328 3549
241 3550
380 3551
662 3552
307 3553
1451 3554
1383 3555
1851 3556
1125 3557
1401 3558
1366 3559
818 3560
680 3561
359 3562
1239 3563
1165 3564
328 3565
1249 3566
1189 3567
1393 3568
1174 3569
251 3570
1812 3571
1885 3572
981 3573
2 3574
1484 3575
1691 3576
169 3577
1106 3578
426 3579
564 3580
1537 3581
1194 3582
500 3583
1049 3584
1586 3585
1069 3586
923 3587
1599 3588
1622 3589
1786 3590
758 3591
603 3592
1268 3593
1918 3594
1884 3595
286 3596
274 3597
1448 3598
1362 3599
850 3600
617 3601
14 3602
390 3603
1958 3604
504 3605
558 3606
315 3607
71 3608
1163 3609
1495 3610
1671 3611
768 3612
349 3613
1369 3614
89 3615
1154 3616
1164 3617
1114 3618
1982 3619
103 3620
1932 3621
1275 3622
597 3623
372 3624
63 3625
1466 3626
290 3627
942 3628
1779 3629
633 3630
1889 3631
1934 3632
1580 3633
639 3634
732 3635
1687 3636
692 3637
990 3638
1454 3639
1719 3640
64 3641
405 3642
792 3643
1181 3644
1797 3645
1558 3646
963 3647
1722 3648
1771 3649
1898 3650
1192 3651
1499 3652
1376 3653
868 3654
541 3655
1510 3656
176 3657
468 3658
1025 3659
82 3660
340 3661
973 3662
1530 3663
92 3664
216 3665
936 3666
1836 3667
567 3668
1714 3669
58 3670
1116 3671
36 3672
1487 3673
948 3674
1110 3675
1571 3676
144 3677
1770 3678
524 3679
1369 3680
678 3681
1030 3682
384 3683
946 3684
201 3685
13 3686
900 3687
504 3688
1727 3689
450 3690
160 3691
1988 3692
1147 3693
314 3694
628 3695
645 3696
1684 3697
1312 3698
1903 3699
1887 3700
665 3701
1434 3702
175 3703
1670 3704
593 3705
604 3706
1449 3707
1195 3708
279 3709
459 3710
363 3711
1654 3712
469 3713
948 3714
896 3715
1861 3716
352 3717
910 3718
1108 3719
1555 3720
149 3721
1309 3722
968 3723
1660 3724
323 3725
1721 3726
953 3727
1088 3728
1225 3729
1775 3730
636 3731
1959 3732
33 3733
774 3734
621 3735
1300 3736
1085 3737
917 3738
1832 3739
1565 3740
784 3741
1298 3742
887 3743
9 3744
273 3745
926 3746
798 3747
683 3748
1628 3749
671 3750
1715 3751
734 3752
185 3753
1006 3754
529 3755
1890 3756
1681 3757
243 3758
319 3759
1558 3760
622 3761
397 3762
13 3763
1350 3764
770 3765
182 3766
799 3767
1623 3768
747 3769
263 3770
93 3771
752 3772
1941 3773
1176 3774
857 3775
508 3776
529 3777
602 3778
434 3779
877 3780
1365 3781
1160 3782
857 3783
1219 3784
1123 3785
1563 3786
1123 3787
1261 3788
1967 3789
1838 3790
1199 3791
1599 3792
203 3793
82 3794
1208 3795
1188 3796
1989 3797
1747 3798
172 3799
134 3800
1139 3801
618 3802
494 3803
1085 3804
958 3805
195 3806
1689 3807
628 3808
1757 3809
450 3810
118 3811
1698 3812
1987 3813
1154 3814
560 3815
1127 3816
1564 3817
910 3818
534 3819
1845 3820
548 3821
1220 3822
1953 3823
1858 3824
376 3825
102 3826
902 3827
1323 3828
1265 3829
3 3830
94 3831
42 3832
1902 3833
1254 3834
804 3835
1915 3836
1665 3837
141 3838
1919 3839
1260 3840
1950 3841
236 3842
897 3843
659 3844
1151 3845
179 3846
734 3847
756 3848
187 3849
734 3850
1281 3851
275 3852
1560 3853
315 3854
1756 3855
695 3856
94 3857
257 3858
47 3859
1696 3860
798 3861
1935 3862
731 3863
427 3864
451 3865
1347 3866
1063 3867
387 3868
1432 3869
781 3870
1666 3871
1929 3872
1019 3873
1330 3874
90 3875
295 3876
672 3877
1445 3878
877 3879
1970 3880
680 3881
1091 3882
1390 3883
1439 3884
1763 3885
1965 3886
1210 3887
807 3888
1620 3889
252 3890
27 3891
206 3892
1253 3893
1744 3894
1676 3895
1776 3896
283 3897
601 3898
1279 3899
364 3900
1946 3901
1866 3902
940 3903
806 3904
1580 3905
235 3906
1450 3907
168 3908
62 3909
1678 3910
371 3911
1112 3912
812 3913
404 3914
851 3915
480 3916
846 3917
1297 3918
961 3919
602 3920
227 3921
1085 3922
801 3923
538 3924
989 3925
380 3926
105 3927
449 3928
1437 3929
1089 3930
195 3931
1039 3932
896 3933
830 3934
99 3935
1465 3936
1865 3937
1983 3938
537 3939
1627 3940
226 3941
1752 3942
953 3943
863 3944
1662 3945
859 3946
1929 3947
1871 3948
193 3949
815 3950
1850 3951
1591 3952
1569 3953
1357 3954
1995 3955
1711 3956
526 3957
173 3958
314 3959
519 3960
1265 3961
945 3962
828 3963
628 3964
1361 3965
1552 3966
1392 3967
1658 3968
1883 3969
1206 3970
879 3971
1514 3972
1299 3973
521 3974
246 3975
847 3976
86 3977
1311 3978
1623 3979
35 3980
114 3981
543 3982
1533 3983
695 3984
312 3985
1733 3986
1503 3987
1923 3988
545 3989
506 3990
1255 3991
1626 3992
1663 3993
1906 3994
1395 3995
66 3996
885 3997
664 3998
1419 3999
706 4000
