5000
1 2
2 3
3 4
4 5
5 6
6 7
7 8
8 9
9 10
10 11
11 12
12 13
13 14
14 15
15 16
16 17
17 18
18 19
19 20
20 21
21 22
22 23
23 24
24 25
25 26
26 27
27 28
28 29
29 30
30 31
31 32
32 33
33 34
34 35
35 36
36 37
37 38
38 39
39 40
40 41
41 42
42 43
43 44
44 45
45 46
46 47
47 48
48 49
49 50
50 51
51 52
52 53
53 54
54 55
55 56
56 57
57 58
58 59
59 60
60 61
61 62
62 63
63 64
64 65
65 66
66 67
67 68
68 69
69 70
70 71
71 72
72 73
73 74
74 75
75 76
76 77
77 78
78 79
79 80
80 81
81 82
82 83
83 84
84 85
85 86
86 87
87 88
88 89
89 90
90 91
91 92
92 93
93 94
94 95
95 96
96 97
97 98
98 99
99 100
100 101
101 102
102 103
103 104
104 105
105 106
106 107
107 108
108 109
109 110
110 111
111 112
112 113
113 114
114 115
115 116
116 117
117 118
118 119
119 120
120 121
121 122
122 123
123 124
124 125
125 126
126 127
127 128
128 129
129 130
130 131
131 132
132 133
133 134
134 135
135 136
136 137
137 138
138 139
139 140
140 141
141 142
142 143
143 144
144 145
145 146
146 147
147 148
148 149
149 150
150 151
151 152
152 153
153 154
154 155
155 156
156 157
157 158
158 159
159 160
160 161
161 162
162 163
163 164
164 165
165 166
166 167
167 168
168 169
169 170
170 171
171 172
172 173
173 174
174 175
175 176
176 177
177 178
178 179
179 180
180 181
181 182
182 183
183 184
184 185
185 186
186 187
187 188
188 189
189 190
190 191
191 192
192 193
193 194
194 195
195 196
196 197
197 198
198 199
199 200
200 201
201 202
202 203
203 204
204 205
205 206
206 207
207 208
208 209
209 210
210 211
211 212
212 213
213 214
214 215
215 216
216 217
217 218
218 219
219 220
220 221
221 222
222 223
223 224
224 225
225 226
226 227
227 228
228 229
229 230
230 231
231 232
232 233
233 234
234 235
235 236
236 237
237 238
238 239
239 240
240 241
241 242
242 243
243 244
244 245
245 246
246 247
247 248
248 249
249 250
250 251
251 252
252 253
253 254
254 255
255 256
256 257
257 258
258 259
259 260
260 261
261 262
262 263
263 264
264 265
265 266
266 267
267 268
268 269
269 270
270 271
271 272
272 273
273 274
274 275
275 276
276 277
277 278
278 279
279 280
280 281
281 282
282 283
283 284
284 285
285 286
286 287
287 288
288 289
289 290
290 291
291 292
292 293
293 294
294 295
295 296
296 297
297 298
298 299
299 300
300 301
301 302
302 303
303 304
304 305
305 306
306 307
307 308
308 309
309 310
310 311
311 312
312 313
313 314
314 315
315 316
316 317
317 318
318 319
319 320
320 321
321 322
322 323
323 324
324 325
325 326
326 327
327 328
328 329
329 330
330 331
331 332
332 333
333 334
334 335
335 336
336 337
337 338
338 339
339 340
340 341
341 342
342 343
343 344
344 345
345 346
346 347
347 348
348 349
349 350
350 351
351 352
352 353
353 354
354 355
355 356
356 357
357 358
358 359
359 360
360 361
361 362
362 363
363 364
364 365
365 366
366 367
367 368
368 369
369 370
370 371
371 372
372 373
373 374
374 375
375 376
376 377
377 378
378 379
379 380
380 381
381 382
382 383
383 384
384 385
385 386
386 387
387 388
388 389
389 390
390 391
391 392
392 393
393 394
394 395
395 396
396 397
397 398
398 399
399 400
400 401
401 402
402 403
403 404
404 405
405 406
406 407
407 408
408 409
409 410
410 411
411 412
412 413
413 414
414 415
415 416
416 417
417 418
418 419
419 420
420 421
421 422
422 423
423 424
424 425
425 426
426 427
427 428
428 429
429 430
430 431
431 432
432 433
433 434
434 435
435 436
436 437
437 438
438 439
439 440
440 441
441 442
442 443
443 444
444 445
445 446
446 447
447 448
448 449
449 450
450 451
451 452
452 453
453 454
454 455
455 456
456 457
457 458
458 459
459 460
460 461
461 462
462 463
463 464
464 465
465 466
466 467
467 468
468 469
469 470
470 471
471 472
472 473
473 474
474 475
475 476
476 477
477 478
478 479
479 480
480 481
481 482
482 483
483 484
484 485
485 486
486 487
487 488
488 489
489 490
490 491
491 492
492 493
493 494
494 495
495 496
496 497
497 498
498 499
499 500
500 501
501 502
502 503
503 504
504 505
505 506
506 507
507 508
508 509
509 510
510 511
511 512
512 513
513 514
514 515
515 516
516 517
517 518
518 519
519 520
520 521
521 522
522 523
523 524
524 525
525 526
526 527
527 528
528 529
529 530
530 531
531 532
532 533
533 534
534 535
535 536
536 537
537 538
538 539
539 540
540 541
541 542
542 543
543 544
544 545
545 546
546 547
547 548
548 549
549 550
550 551
551 552
552 553
553 554
554 555
555 556
556 557
557 558
558 559
559 560
560 561
561 562
562 563
563 564
564 565
565 566
566 567
567 568
568 569
569 570
570 571
571 572
572 573
573 574
574 575
575 576
576 577
577 578
578 579
579 580
580 581
581 582
582 583
583 584
584 585
585 586
586 587
587 588
588 589
589 590
590 591
591 592
592 593
593 594
594 595
595 596
596 597
597 598
598 599
599 600
600 601
601 602
602 603
603 604
604 605
605 606
606 607
607 608
608 609
609 610
610 611
611 612
612 613
613 614
614 615
615 616
616 617
617 618
618 619
619 620
620 621
621 622
622 623
623 624
624 625
625 626
626 627
627 628
628 629
629 630
630 631
631 632
632 633
633 634
634 635
635 636
636 637
637 638
638 639
639 640
640 641
641 642
642 643
643 644
644 645
645 646
646 647
647 648
648 649
649 650
650 651
651 652
652 653
653 654
654 655
655 656
656 657
657 658
658 659
659 660
660 661
661 662
662 663
663 664
664 665
665 666
666 667
667 668
668 669
669 670
670 671
671 672
672 673
673 674
674 675
675 676
676 677
677 678
678 679
679 680
680 681
681 682
682 683
683 684
684 685
685 686
686 687
687 688
688 689
689 690
690 691
691 692
692 693
693 694
694 695
695 696
696 697
697 698
698 699
699 700
700 701
701 702
702 703
703 704
704 705
705 706
706 707
707 708
708 709
709 710
710 711
711 712
712 713
713 714
714 715
715 716
716 717
717 718
718 719
719 720
720 721
721 722
722 723
723 724
724 725
725 726
726 727
727 728
728 729
729 730
730 731
731 732
732 733
733 734
734 735
735 736
736 737
737 738
738 739
739 740
740 741
741 742
742 743
743 744
744 745
745 746
746 747
747 748
748 749
749 750
750 751
751 752
752 753
753 754
754 755
755 756
756 757
757 758
758 759
759 760
760 761
761 762
762 763
763 764
764 765
765 766
766 767
767 768
768 769
769 770
770 771
771 772
772 773
773 774
774 775
775 776
776 777
777 778
778 779
779 780
780 781
781 782
782 783
783 784
784 785
785 786
786 787
787 788
788 789
789 790
790 791
791 792
792 793
793 794
794 795
795 796
796 797
797 798
798 799
799 800
800 801
801 802
802 803
803 804
804 805
805 806
806 807
807 808
808 809
809 810
810 811
811 812
812 813
813 814
814 815
815 816
816 817
817 818
818 819
819 820
820 821
821 822
822 823
823 824
824 825
825 826
826 827
827 828
828 829
829 830
830 831
831 832
832 833
833 834
834 835
835 836
836 837
837 838
838 839
839 840
840 841
841 842
842 843
843 844
844 845
845 846
846 847
847 848
848 849
849 850
850 851
851 852
852 853
853 854
854 855
855 856
856 857
857 858
858 859
859 860
860 861
861 862
862 863
863 864
864 865
865 866
866 867
867 868
868 869
869 870
870 871
871 872
872 873
873 874
874 875
875 876
876 877
877 878
878 879
879 880
880 881
881 882
882 883
883 884
884 885
885 886
886 887
887 888
888 889
889 890
890 891
891 892
892 893
893 894
894 895
895 896
896 897
897 898
898 899
899 900
900 901
901 902
902 903
903 904
904 905
905 906
906 907
907 908
908 909
909 910
910 911
911 912
912 913
913 914
914 915
915 916
916 917
917 918
918 919
919 920
920 921
921 922
922 923
923 924
924 925
925 926
926 927
927 928
928 929
929 930
930 931
931 932
932 933
933 934
934 935
935 936
936 937
937 938
938 939
939 940
940 941
941 942
942 943
943 944
944 945
945 946
946 947
947 948
948 949
949 950
950 951
951 952
952 953
953 954
954 955
955 956
956 957
957 958
958 959
959 960
960 961
961 962
962 963
963 964
964 965
965 966
966 967
967 968
968 969
969 970
970 971
971 972
972 973
973 974
974 975
975 976
976 977
977 978
978 979
979 980
980 981
981 982
982 983
983 984
984 985
985 986
986 987
987 988
988 989
989 990
990 991
991 992
992 993
993 994
994 995
995 996
996 997
997 998
998 999
999 1000
1000 1001
1001 1002
1002 1003
1003 1004
1004 1005
1005 1006
1006 1007
1007 1008
1008 1009
1009 1010
1010 1011
1011 1012
1012 1013
1013 1014
1014 1015
1015 1016
1016 1017
1017 1018
1018 1019
1019 1020
1020 1021
1021 1022
1022 1023
1023 1024
1024 1025
1025 1026
1026 1027
1027 1028
1028 1029
1029 1030
1030 1031
1031 1032
1032 1033
1033 1034
1034 1035
1035 1036
1036 1037
1037 1038
1038 1039
1039 1040
1040 1041
1041 1042
1042 1043
1043 1044
1044 1045
1045 1046
1046 1047
1047 1048
1048 1049
1049 1050
1050 1051
1051 1052
1052 1053
1053 1054
1054 1055
1055 1056
1056 1057
1057 1058
1058 1059
1059 1060
1060 1061
1061 1062
1062 1063
1063 1064
1064 1065
1065 1066
1066 1067
1067 1068
1068 1069
1069 1070
1070 1071
1071 1072
1072 1073
1073 1074
1074 1075
1075 1076
1076 1077
1077 1078
1078 1079
1079 1080
1080 1081
1081 1082
1082 1083
1083 1084
1084 1085
1085 1086
1086 1087
1087 1088
1088 1089
1089 1090
1090 1091
1091 1092
1092 1093
1093 1094
1094 1095
1095 1096
1096 1097
1097 1098
1098 1099
1099 1100
1100 1101
1101 1102
1102 1103
1103 1104
1104 1105
1105 1106
1106 1107
1107 1108
1108 1109
1109 1110
1110 1111
1111 1112
1112 1113
1113 1114
1114 1115
1115 1116
1116 1117
1117 1118
1118 1119
1119 1120
1120 1121
1121 1122
1122 1123
1123 1124
1124 1125
1125 1126
1126 1127
1127 1128
1128 1129
1129 1130
1130 1131
1131 1132
1132 1133
1133 1134
1134 1135
1135 1136
1136 1137
1137 1138
1138 1139
1139 1140
1140 1141
1141 1142
1142 1143
1143 1144
1144 1145
1145 1146
1146 1147
1147 1148
1148 1149
1149 1150
1150 1151
1151 1152
1152 1153
1153 1154
1154 1155
1155 1156
1156 1157
1157 1158
1158 1159
1159 1160
1160 1161
1161 1162
1162 1163
1163 1164
1164 1165
1165 1166
1166 1167
1167 1168
1168 1169
1169 1170
1170 1171
1171 1172
1172 1173
1173 1174
1174 1175
1175 1176
1176 1177
1177 1178
1178 1179
1179 1180
1180 1181
1181 1182
1182 1183
1183 1184
1184 1185
1185 1186
1186 1187
1187 1188
1188 1189
1189 1190
1190 1191
1191 1192
1192 1193
1193 1194
1194 1195
1195 1196
1196 1197
1197 1198
1198 1199
1199 1200
1200 1201
1201 1202
1202 1203
1203 1204
1204 1205
1205 1206
1206 1207
1207 1208
1208 1209
1209 1210
1210 1211
1211 1212
1212 1213
1213 1214
1214 1215
1215 1216
1216 1217
1217 1218
1218 1219
1219 1220
1220 1221
1221 1222
1222 1223
1223 1224
1224 1225
1225 1226
1226 1227
1227 1228
1228 1229
1229 1230
1230 1231
1231 1232
1232 1233
1233 1234
1234 1235
1235 1236
1236 1237
1237 1238
1238 1239
1239 1240
1240 1241
1241 1242
1242 1243
1243 1244
1244 1245
1245 1246
1246 1247
1247 1248
1248 1249
1249 1250
1250 1251
1251 1252
1252 1253
1253 1254
1254 1255
1255 1256
1256 1257
1257 1258
1258 1259
1259 1260
1260 1261
1261 1262
1262 1263
1263 1264
1264 1265
1265 1266
1266 1267
1267 1268
1268 1269
1269 1270
1270 1271
1271 1272
1272 1273
1273 1274
1274 1275
1275 1276
1276 1277
1277 1278
1278 1279
1279 1280
1280 1281
1281 1282
1282 1283
1283 1284
1284 1285
1285 1286
1286 1287
1287 1288
1288 1289
1289 1290
1290 1291
1291 1292
1292 1293
1293 1294
1294 1295
1295 1296
1296 1297
1297 1298
1298 1299
1299 1300
1300 1301
1301 1302
1302 1303
1303 1304
1304 1305
1305 1306
1306 1307
1307 1308
1308 1309
1309 1310
1310 1311
1311 1312
1312 1313
1313 1314
1314 1315
1315 1316
1316 1317
1317 1318
1318 1319
1319 1320
1320 1321
1321 1322
1322 1323
1323 1324
1324 1325
1325 1326
1326 1327
1327 1328
1328 1329
1329 1330
1330 1331
1331 1332
1332 1333
1333 1334
1334 1335
1335 1336
1336 1337
1337 1338
1338 1339
1339 1340
1340 1341
1341 1342
1342 1343
1343 1344
1344 1345
1345 1346
1346 1347
1347 1348
1348 1349
1349 1350
1350 1351
1351 1352
1352 1353
1353 1354
1354 1355
1355 1356
1356 1357
1357 1358
1358 1359
1359 1360
1360 1361
1361 1362
1362 1363
1363 1364
1364 1365
1365 1366
1366 1367
1367 1368
1368 1369
1369 1370
1370 1371
1371 1372
1372 1373
1373 1374
1374 1375
1375 1376
1376 1377
1377 1378
1378 1379
1379 1380
1380 1381
1381 1382
1382 1383
1383 1384
1384 1385
1385 1386
1386 1387
1387 1388
1388 1389
1389 1390
1390 1391
1391 1392
1392 1393
1393 1394
1394 1395
1395 1396
1396 1397
1397 1398
1398 1399
1399 1400
1400 1401
1401 1402
1402 1403
1403 1404
1404 1405
1405 1406
1406 1407
1407 1408
1408 1409
1409 1410
1410 1411
1411 1412
1412 1413
1413 1414
1414 1415
1415 1416
1416 1417
1417 1418
1418 1419
1419 1420
1420 1421
1421 1422
1422 1423
1423 1424
1424 1425
1425 1426
1426 1427
1427 1428
1428 1429
1429 1430
1430 1431
1431 1432
1432 1433
1433 1434
1434 1435
1435 1436
1436 1437
1437 1438
1438 1439
1439 1440
1440 1441
1441 1442
1442 1443
1443 1444
1444 1445
1445 1446
1446 1447
1447 1448
1448 1449
1449 1450
1450 1451
1451 1452
1452 1453
1453 1454
1454 1455
1455 1456
1456 1457
1457 1458
1458 1459
1459 1460
1460 1461
1461 1462
1462 1463
1463 1464
1464 1465
1465 1466
1466 1467
1467 1468
1468 1469
1469 1470
1470 1471
1471 1472
1472 1473
1473 1474
1474 1475
1475 1476
1476 1477
1477 1478
1478 1479
1479 1480
1480 1481
1481 1482
1482 1483
1483 1484
1484 1485
1485 1486
1486 1487
1487 1488
1488 1489
1489 1490
1490 1491
1491 1492
1492 1493
1493 1494
1494 1495
1495 1496
1496 1497
1497 1498
1498 1499
1499 1500
1500 1501
1501 1502
1502 1503
1503 1504
1504 1505
1505 1506
1506 1507
1507 1508
1508 1509
1509 1510
1510 1511
1511 1512
1512 1513
1513 1514
1514 1515
1515 1516
1516 1517
1517 1518
1518 1519
1519 1520
1520 1521
1521 1522
1522 1523
1523 1524
1524 1525
1525 1526
1526 1527
1527 1528
1528 1529
1529 1530
1530 1531
1531 1532
1532 1533
1533 1534
1534 1535
1535 1536
1536 1537
1537 1538
1538 1539
1539 1540
1540 1541
1541 1542
1542 1543
1543 1544
1544 1545
1545 1546
1546 1547
1547 1548
1548 1549
1549 1550
1550 1551
1551 1552
1552 1553
1553 1554
1554 1555
1555 1556
1556 1557
1557 1558
1558 1559
1559 1560
1560 1561
1561 1562
1562 1563
1563 1564
1564 1565
1565 1566
1566 1567
1567 1568
1568 1569
1569 1570
1570 1571
1571 1572
1572 1573
1573 1574
1574 1575
1575 1576
1576 1577
1577 1578
1578 1579
1579 1580
1580 1581
1581 1582
1582 1583
1583 1584
1584 1585
1585 1586
1586 1587
1587 1588
1588 1589
1589 1590
1590 1591
1591 1592
1592 1593
1593 1594
1594 1595
1595 1596
1596 1597
1597 1598
1598 1599
1599 1600
1600 1601
1601 1602
1602 1603
1603 1604
1604 1605
1605 1606
1606 1607
1607 1608
1608 1609
1609 1610
1610 1611
1611 1612
1612 1613
1613 1614
1614 1615
1615 1616
1616 1617
1617 1618
1618 1619
1619 1620
1620 1621
1621 1622
1622 1623
1623 1624
1624 1625
1625 1626
1626 1627
1627 1628
1628 1629
1629 1630
1630 1631
1631 1632
1632 1633
1633 1634
1634 1635
1635 1636
1636 1637
1637 1638
1638 1639
1639 1640
1640 1641
1641 1642
1642 1643
1643 1644
1644 1645
1645 1646
1646 1647
1647 1648
1648 1649
1649 1650
1650 1651
1651 1652
1652 1653
1653 1654
1654 1655
1655 1656
1656 1657
1657 1658
1658 1659
1659 1660
1660 1661
1661 1662
1662 1663
1663 1664
1664 1665
1665 1666
1666 1667
1667 1668
1668 1669
1669 1670
1670 1671
1671 1672
1672 1673
1673 1674
1674 1675
1675 1676
1676 1677
1677 1678
1678 1679
1679 1680
1680 1681
1681 1682
1682 1683
1683 1684
1684 1685
1685 1686
1686 1687
1687 1688
1688 1689
1689 1690
1690 1691
1691 1692
1692 1693
1693 1694
1694 1695
1695 1696
1696 1697
1697 1698
1698 1699
1699 1700
1700 1701
1701 1702
1702 1703
1703 1704
1704 1705
1705 1706
1706 1707
1707 1708
1708 1709
1709 1710
1710 1711
1711 1712
1712 1713
1713 1714
1714 1715
1715 1716
1716 1717
1717 1718
1718 1719
1719 1720
1720 1721
1721 1722
1722 1723
1723 1724
1724 1725
1725 1726
1726 1727
1727 1728
1728 1729
1729 1730
1730 1731
1731 1732
1732 1733
1733 1734
1734 1735
1735 1736
1736 1737
1737 1738
1738 1739
1739 1740
1740 1741
1741 1742
1742 1743
1743 1744
1744 1745
1745 1746
1746 1747
1747 1748
1748 1749
1749 1750
1750 1751
1751 1752
1752 1753
1753 1754
1754 1755
1755 1756
1756 1757
1757 1758
1758 1759
1759 1760
1760 1761
1761 1762
1762 1763
1763 1764
1764 1765
1765 1766
1766 1767
1767 1768
1768 1769
1769 1770
1770 1771
1771 1772
1772 1773
1773 1774
1774 1775
1775 1776
1776 1777
1777 1778
1778 1779
1779 1780
1780 1781
1781 1782
1782 1783
1783 1784
1784 1785
1785 1786
1786 1787
1787 1788
1788 1789
1789 1790
1790 1791
1791 1792
1792 1793
1793 1794
1794 1795
1795 1796
1796 1797
1797 1798
1798 1799
1799 1800
1800 1801
1801 1802
1802 1803
1803 1804
1804 1805
1805 1806
1806 1807
1807 1808
1808 1809
1809 1810
1810 1811
1811 1812
1812 1813
1813 1814
1814 1815
1815 1816
1816 1817
1817 1818
1818 1819
1819 1820
1820 1821
1821 1822
1822 1823
1823 1824
1824 1825
1825 1826
1826 1827
1827 1828
1828 1829
1829 1830
1830 1831
1831 1832
1832 1833
1833 1834
1834 1835
1835 1836
1836 1837
1837 1838
1838 1839
1839 1840
1840 1841
1841 1842
1842 1843
1843 1844
1844 1845
1845 1846
1846 1847
1847 1848
1848 1849
1849 1850
1850 1851
1851 1852
1852 1853
1853 1854
1854 1855
1855 1856
1856 1857
1857 1858
1858 1859
1859 1860
1860 1861
1861 1862
1862 1863
1863 1864
1864 1865
1865 1866
1866 1867
1867 1868
1868 1869
1869 1870
1870 1871
1871 1872
1872 1873
1873 1874
1874 1875
1875 1876
1876 1877
1877 1878
1878 1879
1879 1880
1880 1881
1881 1882
1882 1883
1883 1884
1884 1885
1885 1886
1886 1887
1887 1888
1888 1889
1889 1890
1890 1891
1891 1892
1892 1893
1893 1894
1894 1895
1895 1896
1896 1897
1897 1898
1898 1899
1899 1900
1900 1901
1901 1902
1902 1903
1903 1904
1904 1905
1905 1906
1906 1907
1907 1908
1908 1909
1909 1910
1910 1911
1911 1912
1912 1913
1913 1914
1914 1915
1915 1916
1916 1917
1917 1918
1918 1919
1919 1920
1920 1921
1921 1922
1922 1923
1923 1924
1924 1925
1925 1926
1926 1927
1927 1928
1928 1929
1929 1930
1930 1931
1931 1932
1932 1933
1933 1934
1934 1935
1935 1936
1936 1937
1937 1938
1938 1939
1939 1940
1940 1941
1941 1942
1942 1943
1943 1944
1944 1945
1945 1946
1946 1947
1947 1948
1948 1949
1949 1950
1950 1951
1951 1952
1952 1953
1953 1954
1954 1955
1955 1956
1956 1957
1957 1958
1958 1959
1959 1960
1960 1961
1961 1962
1962 1963
1963 1964
1964 1965
1965 1966
1966 1967
1967 1968
1968 1969
1969 1970
1970 1971
1971 1972
1972 1973
1973 1974
1974 1975
1975 1976
1976 1977
1977 1978
1978 1979
1979 1980
1980 1981
1981 1982
1982 1983
1983 1984
1984 1985
1985 1986
1986 1987
1987 1988
1988 1989
1989 1990
1990 1991
1991 1992
1992 1993
1993 1994
1994 1995
1995 1996
1996 1997
1997 1998
1998 1999
1999 2000
2000 2001
2001 2002
2002 2003
2003 2004
2004 2005
2005 2006
2006 2007
2007 2008
2008 2009
2009 2010
2010 2011
2011 2012
2012 2013
2013 2014
2014 2015
2015 2016
2016 2017
2017 2018
2018 2019
2019 2020
2020 2021
2021 2022
2022 2023
2023 2024
2024 2025
2025 2026
2026 2027
2027 2028
2028 2029
2029 2030
2030 2031
2031 2032
2032 2033
2033 2034
2034 2035
2035 2036
2036 2037
2037 2038
2038 2039
2039 2040
2040 2041
2041 2042
2042 2043
2043 2044
2044 2045
2045 2046
2046 2047
2047 2048
2048 2049
2049 2050
2050 2051
2051 2052
2052 2053
2053 2054
2054 2055
2055 2056
2056 2057
2057 2058
2058 2059
2059 2060
2060 2061
2061 2062
2062 2063
2063 2064
2064 2065
2065 2066
2066 2067
2067 2068
2068 2069
2069 2070
2070 2071
2071 2072
2072 2073
2073 2074
2074 2075
2075 2076
2076 2077
2077 2078
2078 2079
2079 2080
2080 2081
2081 2082
2082 2083
2083 2084
2084 2085
2085 2086
2086 2087
2087 2088
2088 2089
2089 2090
2090 2091
2091 2092
2092 2093
2093 2094
2094 2095
2095 2096
2096 2097
2097 2098
2098 2099
2099 2100
2100 2101
2101 2102
2102 2103
2103 2104
2104 2105
2105 2106
2106 2107
2107 2108
2108 2109
2109 2110
2110 2111
2111 2112
2112 2113
2113 2114
2114 2115
2115 2116
2116 2117
2117 2118
2118 2119
2119 2120
2120 2121
2121 2122
2122 2123
2123 2124
2124 2125
2125 2126
2126 2127
2127 2128
2128 2129
2129 2130
2130 2131
2131 2132
2132 2133
2133 2134
2134 2135
2135 2136
2136 2137
2137 2138
2138 2139
2139 2140
2140 2141
2141 2142
2142 2143
2143 2144
2144 2145
2145 2146
2146 2147
2147 2148
2148 2149
2149 2150
2150 2151
2151 2152
2152 2153
2153 2154
2154 2155
2155 2156
2156 2157
2157 2158
2158 2159
2159 2160
2160 2161
2161 2162
2162 2163
2163 2164
2164 2165
2165 2166
2166 2167
2167 2168
2168 2169
2169 2170
2170 2171
2171 2172
2172 2173
2173 2174
2174 2175
2175 2176
2176 2177
2177 2178
2178 2179
2179 2180
2180 2181
2181 2182
2182 2183
2183 2184
2184 2185
2185 2186
2186 2187
2187 2188
2188 2189
2189 2190
2190 2191
2191 2192
2192 2193
2193 2194
2194 2195
2195 2196
2196 2197
2197 2198
2198 2199
2199 2200
2200 2201
2201 2202
2202 2203
2203 2204
2204 2205
2205 2206
2206 2207
2207 2208
2208 2209
2209 2210
2210 2211
2211 2212
2212 2213
2213 2214
2214 2215
2215 2216
2216 2217
2217 2218
2218 2219
2219 2220
2220 2221
2221 2222
2222 2223
2223 2224
2224 2225
2225 2226
2226 2227
2227 2228
2228 2229
2229 2230
2230 2231
2231 2232
2232 2233
2233 2234
2234 2235
2235 2236
2236 2237
2237 2238
2238 2239
2239 2240
2240 2241
2241 2242
2242 2243
2243 2244
2244 2245
2245 2246
2246 2247
2247 2248
2248 2249
2249 2250
2250 2251
2251 2252
2252 2253
2253 2254
2254 2255
2255 2256
2256 2257
2257 2258
2258 2259
2259 2260
2260 2261
2261 2262
2262 2263
2263 2264
2264 2265
2265 2266
2266 2267
2267 2268
2268 2269
2269 2270
2270 2271
2271 2272
2272 2273
2273 2274
2274 2275
2275 2276
2276 2277
2277 2278
2278 2279
2279 2280
2280 2281
2281 2282
2282 2283
2283 2284
2284 2285
2285 2286
2286 2287
2287 2288
2288 2289
2289 2290
2290 2291
2291 2292
2292 2293
2293 2294
2294 2295
2295 2296
2296 2297
2297 2298
2298 2299
2299 2300
2300 2301
2301 2302
2302 2303
2303 2304
2304 2305
2305 2306
2306 2307
2307 2308
2308 2309
2309 2310
2310 2311
2311 2312
2312 2313
2313 2314
2314 2315
2315 2316
2316 2317
2317 2318
2318 2319
2319 2320
2320 2321
2321 2322
2322 2323
2323 2324
2324 2325
2325 2326
2326 2327
2327 2328
2328 2329
2329 2330
2330 2331
2331 2332
2332 2333
2333 2334
2334 2335
2335 2336
2336 2337
2337 2338
2338 2339
2339 2340
2340 2341
2341 2342
2342 2343
2343 2344
2344 2345
2345 2346
2346 2347
2347 2348
2348 2349
2349 2350
2350 2351
2351 2352
2352 2353
2353 2354
2354 2355
2355 2356
2356 2357
2357 2358
2358 2359
2359 2360
2360 2361
2361 2362
2362 2363
2363 2364
2364 2365
2365 2366
2366 2367
2367 2368
2368 2369
2369 2370
2370 2371
2371 2372
2372 2373
2373 2374
2374 2375
2375 2376
2376 2377
2377 2378
2378 2379
2379 2380
2380 2381
2381 2382
2382 2383
2383 2384
2384 2385
2385 2386
2386 2387
2387 2388
2388 2389
2389 2390
2390 2391
2391 2392
2392 2393
2393 2394
2394 2395
2395 2396
2396 2397
2397 2398
2398 2399
2399 2400
2400 2401
2401 2402
2402 2403
2403 2404
2404 2405
2405 2406
2406 2407
2407 2408
2408 2409
2409 2410
2410 2411
2411 2412
2412 2413
2413 2414
2414 2415
2415 2416
2416 2417
2417 2418
2418 2419
2419 2420
2420 2421
2421 2422
2422 2423
2423 2424
2424 2425
2425 2426
2426 2427
2427 2428
2428 2429
2429 2430
2430 2431
2431 2432
2432 2433
2433 2434
2434 2435
2435 2436
2436 2437
2437 2438
2438 2439
2439 2440
2440 2441
2441 2442
2442 2443
2443 2444
2444 2445
2445 2446
2446 2447
2447 2448
2448 2449
2449 2450
2450 2451
2451 2452
2452 2453
2453 2454
2454 2455
2455 2456
2456 2457
2457 2458
2458 2459
2459 2460
2460 2461
2461 2462
2462 2463
2463 2464
2464 2465
2465 2466
2466 2467
2467 2468
2468 2469
2469 2470
2470 2471
2471 2472
2472 2473
2473 2474
2474 2475
2475 2476
2476 2477
2477 2478
2478 2479
2479 2480
2480 2481
2481 2482
2482 2483
2483 2484
2484 2485
2485 2486
2486 2487
2487 2488
2488 2489
2489 2490
2490 2491
2491 2492
2492 2493
2493 2494
2494 2495
2495 2496
2496 2497
2497 2498
2498 2499
2499 2500
2500 2501
2501 2502
2502 2503
2503 2504
2504 2505
2505 2506
2506 2507
2507 2508
2508 2509
2509 2510
2510 2511
2511 2512
2512 2513
2513 2514
2514 2515
2515 2516
2516 2517
2517 2518
2518 2519
2519 2520
2520 2521
2521 2522
2522 2523
2523 2524
2524 2525
2525 2526
2526 2527
2527 2528
2528 2529
2529 2530
2530 2531
2531 2532
2532 2533
2533 2534
2534 2535
2535 2536
2536 2537
2537 2538
2538 2539
2539 2540
2540 2541
2541 2542
2542 2543
2543 2544
2544 2545
2545 2546
2546 2547
2547 2548
2548 2549
2549 2550
2550 2551
2551 2552
2552 2553
2553 2554
2554 2555
2555 2556
2556 2557
2557 2558
2558 2559
2559 2560
2560 2561
2561 2562
2562 2563
2563 2564
2564 2565
2565 2566
2566 2567
2567 2568
2568 2569
2569 2570
2570 2571
2571 2572
2572 2573
2573 2574
2574 2575
2575 2576
2576 2577
2577 2578
2578 2579
2579 2580
2580 2581
2581 2582
2582 2583
2583 2584
2584 2585
2585 2586
2586 2587
2587 2588
2588 2589
2589 2590
2590 2591
2591 2592
2592 2593
2593 2594
2594 2595
2595 2596
2596 2597
2597 2598
2598 2599
2599 2600
2600 2601
2601 2602
2602 2603
2603 2604
2604 2605
2605 2606
2606 2607
2607 2608
2608 2609
2609 2610
2610 2611
2611 2612
2612 2613
2613 2614
2614 2615
2615 2616
2616 2617
2617 2618
2618 2619
2619 2620
2620 2621
2621 2622
2622 2623
2623 2624
2624 2625
2625 2626
2626 2627
2627 2628
2628 2629
2629 2630
2630 2631
2631 2632
2632 2633
2633 2634
2634 2635
2635 2636
2636 2637
2637 2638
2638 2639
2639 2640
2640 2641
2641 2642
2642 2643
2643 2644
2644 2645
2645 2646
2646 2647
2647 2648
2648 2649
2649 2650
2650 2651
2651 2652
2652 2653
2653 2654
2654 2655
2655 2656
2656 2657
2657 2658
2658 2659
2659 2660
2660 2661
2661 2662
2662 2663
2663 2664
2664 2665
2665 2666
2666 2667
2667 2668
2668 2669
2669 2670
2670 2671
2671 2672
2672 2673
2673 2674
2674 2675
2675 2676
2676 2677
2677 2678
2678 2679
2679 2680
2680 2681
2681 2682
2682 2683
2683 2684
2684 2685
2685 2686
2686 2687
2687 2688
2688 2689
2689 2690
2690 2691
2691 2692
2692 2693
2693 2694
2694 2695
2695 2696
2696 2697
2697 2698
2698 2699
2699 2700
2700 2701
2701 2702
2702 2703
2703 2704
2704 2705
2705 2706
2706 2707
2707 2708
2708 2709
2709 2710
2710 2711
2711 2712
2712 2713
2713 2714
2714 2715
2715 2716
2716 2717
2717 2718
2718 2719
2719 2720
2720 2721
2721 2722
2722 2723
2723 2724
2724 2725
2725 2726
2726 2727
2727 2728
2728 2729
2729 2730
2730 2731
2731 2732
2732 2733
2733 2734
2734 2735
2735 2736
2736 2737
2737 2738
2738 2739
2739 2740
2740 2741
2741 2742
2742 2743
2743 2744
2744 2745
2745 2746
2746 2747
2747 2748
2748 2749
2749 2750
2750 2751
2751 2752
2752 2753
2753 2754
2754 2755
2755 2756
2756 2757
2757 2758
2758 2759
2759 2760
2760 2761
2761 2762
2762 2763
2763 2764
2764 2765
2765 2766
2766 2767
2767 2768
2768 2769
2769 2770
2770 2771
2771 2772
2772 2773
2773 2774
2774 2775
2775 2776
2776 2777
2777 2778
2778 2779
2779 2780
2780 2781
2781 2782
2782 2783
2783 2784
2784 2785
2785 2786
2786 2787
2787 2788
2788 2789
2789 2790
2790 2791
2791 2792
2792 2793
2793 2794
2794 2795
2795 2796
2796 2797
2797 2798
2798 2799
2799 2800
2800 2801
2801 2802
2802 2803
2803 2804
2804 2805
2805 2806
2806 2807
2807 2808
2808 2809
2809 2810
2810 2811
2811 2812
2812 2813
2813 2814
2814 2815
2815 2816
2816 2817
2817 2818
2818 2819
2819 2820
2820 2821
2821 2822
2822 2823
2823 2824
2824 2825
2825 2826
2826 2827
2827 2828
2828 2829
2829 2830
2830 2831
2831 2832
2832 2833
2833 2834
2834 2835
2835 2836
2836 2837
2837 2838
2838 2839
2839 2840
2840 2841
2841 2842
2842 2843
2843 2844
2844 2845
2845 2846
2846 2847
2847 2848
2848 2849
2849 2850
2850 2851
2851 2852
2852 2853
2853 2854
2854 2855
2855 2856
2856 2857
2857 2858
2858 2859
2859 2860
2860 2861
2861 2862
2862 2863
2863 2864
2864 2865
2865 2866
2866 2867
2867 2868
2868 2869
2869 2870
2870 2871
2871 2872
2872 2873
2873 2874
2874 2875
2875 2876
2876 2877
2877 2878
2878 2879
2879 2880
2880 2881
2881 2882
2882 2883
2883 2884
2884 2885
2885 2886
2886 2887
2887 2888
2888 2889
2889 2890
2890 2891
2891 2892
2892 2893
2893 2894
2894 2895
2895 2896
2896 2897
2897 2898
2898 2899
2899 2900
2900 2901
2901 2902
2902 2903
2903 2904
2904 2905
2905 2906
2906 2907
2907 2908
2908 2909
2909 2910
2910 2911
2911 2912
2912 2913
2913 2914
2914 2915
2915 2916
2916 2917
2917 2918
2918 2919
2919 2920
2920 2921
2921 2922
2922 2923
2923 2924
2924 2925
2925 2926
2926 2927
2927 2928
2928 2929
2929 2930
2930 2931
2931 2932
2932 2933
2933 2934
2934 2935
2935 2936
2936 2937
2937 2938
2938 2939
2939 2940
2940 2941
2941 2942
2942 2943
2943 2944
2944 2945
2945 2946
2946 2947
2947 2948
2948 2949
2949 2950
2950 2951
2951 2952
2952 2953
2953 2954
2954 2955
2955 2956
2956 2957
2957 2958
2958 2959
2959 2960
2960 2961
2961 2962
2962 2963
2963 2964
2964 2965
2965 2966
2966 2967
2967 2968
2968 2969
2969 2970
2970 2971
2971 2972
2972 2973
2973 2974
2974 2975
2975 2976
2976 2977
2977 2978
2978 2979
2979 2980
2980 2981
2981 2982
2982 2983
2983 2984
2984 2985
2985 2986
2986 2987
2987 2988
2988 2989
2989 2990
2990 2991
2991 2992
2992 2993
2993 2994
2994 2995
2995 2996
2996 2997
2997 2998
2998 2999
2999 3000
1722 3001
1368 3002
740 3003
1461 3004
2809 3005
1059 3006
2460 3007
2559 3008
20 3009
144 3010
2135 3011
957 3012
619 3013
184 3014
2554 3015
242 3016
896 3017
2243 3018
726 3019
470 3020
421 3021
1906 3022
927 3023
2353 3024
2840 3025
2309 3026
1382 3027
2386 3028
173 3029
478 3030
2667 3031
2177 3032
2476 3033
69 3034
2887 3035
2123 3036
2981 3037
1653 3038
457 3039
135 3040
1713 3041
342 3042
239 3043
412 3044
107 3045
1428 3046
2808 3047
2198 3048
2143 3049
1217 3050
2800 3051
2137 3052
1226 3053
1887 3054
1987 3055
693 3056
315 3057
1785 3058
2781 3059
571 3060
2087 3061
2522 3062
1210 3063
974 3064
2091 3065
2901 3066
2057 3067
1949 3068
2198 3069
38 3070
686 3071
1656 3072
1188 3073
721 3074
376 3075
2665 3076
1443 3077
2179 3078
2080 3079
174 3080
351 3081
2117 3082
828 3083
1500 3084
1961 3085
176 3086
2979 3087
1510 3088
384 3089
333 3090
2786 3091
1166 3092
726 3093
2308 3094
1006 3095
2410 3096
1822 3097
896 3098
1490 3099
2643 3100
308 3101
1168 3102
2483 3103
2538 3104
550 3105
2465 3106
258 3107
1540 3108
881 3109
2251 3110
1507 3111
1952 3112
432 3113
473 3114
956 3115
2390 3116
2784 3117
1717 3118
31 3119
1075 3120
1191 3121
2019 3122
859 3123
1506 3124
2807 3125
1260 3126
1136 3127
2437 3128
1933 3129
78 3130
1698 3131
1396 3132
551 3133
1210 3134
1304 3135
2908 3136
678 3137
55 3138
1101 3139
1580 3140
2912 3141
981 3142
1343 3143
421 3144
304 3145
108 3146
1758 3147
664 3148
1018 3149
366 3150
391 3151
1300 3152
2657 3153
274 3154
201 3155
416 3156
2516 3157
322 3158
2800 3159
1949 3160
537 3161
1375 3162
1161 3163
1496 3164
2632 3165
2780 3166
957 3167
231 3168
532 3169
1801 3170
2089 3171
1658 3172
413 3173
1617 3174
964 3175
2412 3176
1737 3177
2750 3178
1851 3179
1969 3180
1980 3181
1267 3182
1194 3183
274 3184
478 3185
2593 3186
1516 3187
511 3188
2964 3189
1118 3190
781 3191
1949 3192
521 3193
2012 3194
2326 3195
1952 3196
414 3197
2478 3198
1601 3199
2915 3200
616 3201
2152 3202
2909 3203
2133 3204
1194 3205
1159 3206
1868 3207
2398 3208
2274 3209
423 3210
587 3211
978 3212
2848 3213
1476 3214
1930 3215
1957 3216
2732 3217
306 3218
476 3219
2432 3220
1655 3221
2721 3222
753 3223
75 3224
86 3225
811 3226
1914 3227
2796 3228
2922 3229
584 3230
1821 3231
1006 3232
2747 3233
853 3234
754 3235
1158 3236
758 3237
288 3238
1901 3239
722 3240
540 3241
1983 3242
1286 3243
83 3244
29 3245
1265 3246
1437 3247
716 3248
1741 3249
1572 3250
2025 3251
2075 3252
1326 3253
1185 3254
1042 3255
1912 3256
1510 3257
966 3258
381 3259
1619 3260
411 3261
362 3262
17 3263
2195 3264
1052 3265
2710 3266
2784 3267
908 3268
537 3269
2666 3270
800 3271
137 3272
398 3273
2654 3274
1539 3275
1539 3276
2324 3277
1354 3278
212 3279
2560 3280
2904 3281
919 3282
538 3283
2359 3284
1872 3285
1784 3286
2793 3287
915 3288
2851 3289
2427 3290
1687 3291
270 3292
1529 3293
2293 3294
2709 3295
1808 3296
435 3297
1205 3298
1663 3299
1816 3300
2124 3301
407 3302
654 3303
2570 3304
2864 3305
2724 3306
139 3307
786 3308
227 3309
1983 3310
1334 3311
1136 3312
1398 3313
1171 3314
1969 3315
533 3316
117 3317
1468 3318
270 3319
2181 3320
708 3321
52 3322
1760 3323
1852 3324
2620 3325
1535 3326
73 3327
350 3328
881 3329
2040 3330
2327 3331
2106 3332
574 3333
837 3334
2436 3335
822 3336
2194 3337
1545 3338
1686 3339
2361 3340
1700 3341
1769 3342
1005 3343
805 3344
2245 3345
521 3346
1468 3347
2028 3348
2046 3349
407 3350
1625 3351
981 3352
1530 3353
2759 3354
32 3355
1494 3356
421 3357
2233 3358
100 3359
1428 3360
917 3361
2593 3362
2143 3363
1025 3364
103 3365
2734 3366
709 3367
2333 3368
189 3369
2837 3370
444 3371
520 3372
791 3373
1614 3374
79 3375
727 3376
15 3377
2223 3378
1156 3379
373 3380
1338 3381
1287 3382
2361 3383
1692 3384
1772 3385
302 3386
2438 3387
884 3388
2667 3389
2748 3390
207 3391
1363 3392
383 3393
2303 3394
1753 3395
2077 3396
1856 3397
1857 3398
919 3399
1718 3400
2264 3401
152 3402
2485 3403
2078 3404
2082 3405
335 3406
2461 3407
1773 3408
284 3409
2134 3410
424 3411
2583 3412
137 3413
2174 3414
2872 3415
1633 3416
1970 3417
2264 3418
883 3419
197 3420
2950 3421
1886 3422
858 3423
2810 3424
663 3425
2674 3426
2299 3427
792 3428
904 3429
413 3430
1868 3431
2234 3432
1075 3433
643 3434
2849 3435
340 3436
2015 3437
2965 3438
1247 3439
1223 3440
243 3441
1174 3442
1938 3443
1467 3444
1444 3445
883 3446
2668 3447
765 3448
741 3449
1829 3450
2543 3451
633 3452
327 3453
1673 3454
941 3455
1370 3456
1454 3457
1041 3458
2662 3459
2487 3460
1247 3461
1060 3462
1010 3463
1008 3464
1895 3465
1988 3466
543 3467
1170 3468
2494 3469
2287 3470
1581 3471
2462 3472
1628 3473
1400 3474
1024 3475
89 3476
1258 3477
1446 3478
1310 3479
1920 3480
1940 3481
13 3482
794 3483
954 3484
2317 3485
1579 3486
1696 3487
1514 3488
995 3489
1878 3490
2458 3491
1509 3492
581 3493
205 3494
1386 3495
345 3496
235 3497
2772 3498
848 3499
2687 3500
2349 3501
1228 3502
1031 3503
2050 3504
2183 3505
1626 3506
1819 3507
2536 3508
1971 3509
2111 3510
2086 3511
1337 3512
1271 3513
2896 3514
1051 3515
1405 3516
2296 3517
1062 3518
714 3519
1355 3520
1607 3521
2952 3522
1806 3523
2688 3524
2763 3525
1400 3526
2155 3527
1956 3528
1456 3529
876 3530
780 3531
1267 3532
574 3533
2006 3534
2516 3535
2418 3536
269 3537
1574 3538
659 3539
1689 3540
2671 3541
1574 3542
2795 3543
432 3544
1750 3545
2926 3546
932 3547
261 3548
1873 3549
25 3550
477 3551
1181 3552
1385 3553
863 3554
2027 3555
2184 3556
2112 3557
1717 3558
1831 3559
1194 3560
228 3561
1546 3562
859 3563
2615 3564
2088 3565
2212 3566
2541 3567
1711 3568
2485 3569
258 3570
2688 3571
451 3572
2839 3573
1979 3574
2199 3575
727 3576
2170 3577
615 3578
1091 3579
2584 3580
2583 3581
1356 3582
2815 3583
687 3584
2505 3585
2812 3586
1482 3587
878 3588
2573 3589
1676 3590
348 3591
2515 3592
2233 3593
560 3594
2805 3595
2387 3596
2044 3597
1725 3598
2266 3599
1641 3600
815 3601
1064 3602
2945 3603
215 3604
954 3605
2686 3606
2336 3607
2683 3608
2402 3609
1075 3610
617 3611
2694 3612
354 3613
86 3614
2449 3615
2906 3616
2919 3617
2597 3618
2265 3619
2978 3620
1553 3621
2245 3622
691 3623
86 3624
2230 3625
597 3626
2145 3627
2566 3628
2449 3629
1339 3630
2435 3631
2863 3632
1483 3633
439 3634
2280 3635
2932 3636
2121 3637
39 3638
671 3639
639 3640
1095 3641
2250 3642
1638 3643
1704 3644
2578 3645
2537 3646
2914 3647
581 3648
1660 3649
2315 3650
1208 3651
2643 3652
2156 3653
1608 3654
1500 3655
179 3656
1828 3657
864 3658
2072 3659
625 3660
1775 3661
1829 3662
2216 3663
2673 3664
26 3665
2894 3666
2043 3667
2579 3668
2371 3669
2598 3670
2788 3671
337 3672
743 3673
917 3674
1250 3675
2214 3676
1344 3677
708 3678
2940 3679
1097 3680
2071 3681
2198 3682
2113 3683
129 3684
1646 3685
1165 3686
767 3687
2012 3688
2106 3689
1707 3690
2354 3691
595 3692
959 3693
1187 3694
824 3695
776 3696
1828 3697
2079 3698
2019 3699
851 3700
200 3701
2067 3702
1855 3703
1393 3704
2852 3705
1682 3706
2820 3707
919 3708
1363 3709
2047 3710
1069 3711
2709 3712
737 3713
2007 3714
2818 3715
414 3716
680 3717
2765 3718
1140 3719
1902 3720
1760 3721
2765 3722
1423 3723
1765 3724
1559 3725
1317 3726
2133 3727
2748 3728
2511 3729
2705 3730
2032 3731
2309 3732
264 3733
1207 3734
2159 3735
2368 3736
1006 3737
1986 3738
2149 3739
2699 3740
812 3741
1986 3742
1199 3743
314 3744
392 3745
2636 3746
2365 3747
32 3748
1681 3749
2238 3750
2082 3751
1580 3752
1263 3753
2046 3754
751 3755
1911 3756
1834 3757
411 3758
133 3759
1340 3760
1085 3761
2548 3762
2874 3763
1697 3764
1148 3765
1152 3766
877 3767
1926 3768
2332 3769
638 3770
613 3771
764 3772
794 3773
2638 3774
2416 3775
2751 3776
14 3777
815 3778
528 3779
2543 3780
2161 3781
2098 3782
2178 3783
2180 3784
2165 3785
2622 3786
2545 3787
1904 3788
2501 3789
806 3790
169 3791
945 3792
2029 3793
752 3794
2840 3795
86 3796
1131 3797
2560 3798
306 3799
674 3800
269 3801
1508 3802
1252 3803
1575 3804
2341 3805
2865 3806
1088 3807
734 3808
2891 3809
1798 3810
2891 3811
1228 3812
1633 3813
1839 3814
1436 3815
1014 3816
1797 3817
165 3818
751 3819
1568 3820
2138 3821
1588 3822
704 3823
2594 3824
1440 3825
1525 3826
731 3827
2805 3828
1885 3829
765 3830
2091 3831
2325 3832
1340 3833
1302 3834
1378 3835
391 3836
181 3837
2212 3838
777 3839
2380 3840
1621 3841
2515 3842
1704 3843
1462 3844
3000 3845
1175 3846
144 3847
1963 3848
1564 3849
1411 3850
2047 3851
1288 3852
1088 3853
2526 3854
2324 3855
728 3856
188 3857
1675 3858
2315 3859
1205 3860
1315 3861
89 3862
1003 3863
998 3864
2302 3865
1787 3866
1574 3867
2954 3868
1435 3869
207 3870
2089 3871
915 3872
1886 3873
2420 3874
1254 3875
1342 3876
326 3877
496 3878
2550 3879
1155 3880
1652 3881
2696 3882
1618 3883
2472 3884
551 3885
141 3886
1731 3887
1195 3888
692 3889
2611 3890
2096 3891
2663 3892
716 3893
2530 3894
2929 3895
1758 3896
533 3897
2866 3898
626 3899
568 3900
918 3901
59 3902
1058 3903
43 3904
2605 3905
2571 3906
564 3907
2756 3908
1676 3909
2948 3910
949 3911
1285 3912
324 3913
1957 3914
1616 3915
1551 3916
960 3917
863 3918
750 3919
946 3920
213 3921
2035 3922
618 3923
346 3924
1080 3925
1074 3926
1108 3927
1004 3928
1185 3929
509 3930
588 3931
562 3932
1910 3933
1726 3934
2298 3935
1035 3936
83 3937
2855 3938
2627 3939
2383 3940
737 3941
586 3942
1526 3943
1225 3944
388 3945
2192 3946
1232 3947
1982 3948
2906 3949
1878 3950
789 3951
1877 3952
793 3953
2252 3954
2624 3955
911 3956
559 3957
920 3958
2437 3959
313 3960
1952 3961
1747 3962
1717 3963
2984 3964
2316 3965
82 3966
546 3967
876 3968
2095 3969
1760 3970
1939 3971
1624 3972
125 3973
2985 3974
586 3975
1793 3976
2965 3977
2234 3978
1091 3979
2708 3980
1373 3981
816 3982
1680 3983
2525 3984
247 3985
935 3986
1596 3987
2806 3988
2 3989
1948 3990
1628 3991
669 3992
1380 3993
2980 3994
1309 3995
1977 3996
2503 3997
1750 3998
1193 3999
2654 4000
1569 4001
2838 4002
2268 4003
1974 4004
2153 4005
2867 4006
2318 4007
1603 4008
1718 4009
2052 4010
1626 4011
2 4012
2346 4013
1991 4014
2839 4015
1066 4016
2775 4017
1282 4018
284 4019
2502 4020
2953 4021
1022 4022
1281 4023
2927 4024
20 4025
2440 4026
627 4027
2406 4028
2999 4029
1801 4030
449 4031
2632 4032
138 4033
2009 4034
2581 4035
418 4036
2827 4037
1239 4038
1501 4039
519 4040
855 4041
1372 4042
1699 4043
624 4044
200 4045
234 4046
33 4047
1083 4048
282 4049
1399 4050
2409 4051
496 4052
1346 4053
1222 4054
2652 4055
1120 4056
2273 4057
423 4058
1441 4059
926 4060
797 4061
1757 4062
2640 4063
178 4064
2816 4065
489 4066
2120 4067
1428 4068
1318 4069
485 4070
1030 4071
1510 4072
2201 4073
1060 4074
446 4075
357 4076
1239 4077
288 4078
2687 4079
2801 4080
2823 4081
1916 4082
2963 4083
1307 4084
1583 4085
76 4086
812 4087
919 4088
2545 4089
1825 4090
485 4091
1218 4092
2512 4093
353 4094
1519 4095
2141 4096
1862 4097
862 4098
1323 4099
803 4100
2951 4101
2277 4102
2456 4103
1415 4104
1283 4105
811 4106
741 4107
1778 4108
2695 4109
883 4110
1809 4111
316 4112
1694 4113
1835 4114
905 4115
1712 4116
1223 4117
1096 4118
1722 4119
1405 4120
2327 4121
1374 4122
768 4123
1753 4124
1760 4125
2309 4126
2886 4127
705 4128
2145 4129
1544 4130
439 4131
1599 4132
288 4133
199 4134
1380 4135
2020 4136
2781 4137
2384 4138
2958 4139
2486 4140
1497 4141
962 4142
2295 4143
1435 4144
1504 4145
2218 4146
1700 4147
2046 4148
754 4149
2706 4150
1694 4151
1761 4152
1648 4153
1398 4154
34 4155
2724 4156
1781 4157
792 4158
2197 4159
2693 4160
1315 4161
15 4162
1147 4163
2129 4164
1512 4165
2820 4166
594 4167
1978 4168
1616 4169
141 4170
2443 4171
1570 4172
965 4173
381 4174
2393 4175
2070 4176
1707 4177
2499 4178
13 4179
1134 4180
593 4181
82 4182
1696 4183
116 4184
1622 4185
522 4186
226 4187
1419 4188
2744 4189
1652 4190
260 4191
2106 4192
1795 4193
1124 4194
2401 4195
1265 4196
2271 4197
1386 4198
2706 4199
2123 4200
2787 4201
2041 4202
810 4203
1445 4204
417 4205
1284 4206
2238 4207
774 4208
1002 4209
1173 4210
2082 4211
1591 4212
619 4213
616 4214
2744 4215
469 4216
1904 4217
1272 4218
2866 4219
77 4220
1048 4221
1488 4222
2770 4223
1119 4224
857 4225
13 4226
887 4227
2598 4228
1142 4229
1666 4230
211 4231
391 4232
606 4233
108 4234
644 4235
248 4236
2799 4237
727 4238
1320 4239
1275 4240
1930 4241
1800 4242
812 4243
1059 4244
1337 4245
381 4246
1045 4247
2765 4248
926 4249
2473 4250
2136 4251
1267 4252
2486 4253
117 4254
8 4255
2245 4256
86 4257
2195 4258
2799 4259
1049 4260
92 4261
1573 4262
2959 4263
2661 4264
161 4265
2966 4266
2032 4267
2674 4268
1982 4269
2214 4270
1477 4271
708 4272
2349 4273
76 4274
1378 4275
1431 4276
2481 4277
1431 4278
1393 4279
1052 4280
969 4281
2246 4282
1725 4283
2812 4284
1009 4285
1265 4286
1910 4287
1172 4288
305 4289
15 4290
295 4291
2025 4292
89 4293
1769 4294
1452 4295
2454 4296
1389 4297
71 4298
2800 4299
2676 4300
534 4301
2769 4302
438 4303
2314 4304
1890 4305
2761 4306
230 4307
2397 4308
1181 4309
271 4310
1930 4311
1017 4312
320 4313
2613 4314
2129 4315
793 4316
1801 4317
2645 4318
228 4319
1995 4320
2722 4321
2647 4322
1040 4323
2495 4324
2726 4325
135 4326
1011 4327
2394 4328
1 4329
943 4330
1506 4331
1230 4332
720 4333
329 4334
818 4335
2508 4336
1498 4337
911 4338
1246 4339
1669 4340
29 4341
2622 4342
2457 4343
1525 4344
883 4345
1664 4346
2508 4347
1313 4348
1438 4349
1721 4350
2906 4351
2219 4352
1554 4353
333 4354
1433 4355
1379 4356
290 4357
1464 4358
2844 4359
1048 4360
2254 4361
1470 4362
2983 4363
103 4364
2195 4365
2276 4366
2051 4367
347 4368
195 4369
1486 4370
2579 4371
1446 4372
2007 4373
2419 4374
2589 4375
1079 4376
1035 4377
2550 4378
2293 4379
1805 4380
2425 4381
2870 4382
167 4383
2451 4384
1560 4385
2448 4386
1148 4387
460 4388
2997 4389
835 4390
1046 4391
2392 4392
715 4393
2604 4394
1031 4395
2552 4396
1080 4397
515 4398
2223 4399
63 4400
2248 4401
1742 4402
2653 4403
1025 4404
797 4405
277 4406
600 4407
360 4408
2303 4409
1022 4410
1422 4411
1885 4412
729 4413
1914 4414
1428 4415
2244 4416
2348 4417
2895 4418
1055 4419
243 4420
2992 4421
703 4422
1299 4423
1740 4424
1032 4425
897 4426
2418 4427
392 4428
2653 4429
2863 4430
1775 4431
2759 4432
70 4433
536 4434
1323 4435
1654 4436
1775 4437
2102 4438
2880 4439
384 4440
2687 4441
202 4442
797 4443
1032 4444
1710 4445
2967 4446
689 4447
789 4448
2303 4449
2716 4450
2299 4451
2487 4452
1346 4453
46 4454
2169 4455
1881 4456
1397 4457
502 4458
1951 4459
1464 4460
124 4461
2118 4462
267 4463
179 4464
783 4465
1554 4466
1255 4467
2372 4468
1475 4469
173 4470
407 4471
1110 4472
1035 4473
2737 4474
1827 4475
678 4476
1425 4477
2747 4478
534 4479
383 4480
1119 4481
2246 4482
760 4483
281 4484
1827 4485
1287 4486
1577 4487
2945 4488
1779 4489
1865 4490
1176 4491
327 4492
1397 4493
530 4494
2611 4495
1476 4496
2658 4497
1549 4498
775 4499
2779 4500
2595 4501
1754 4502
1043 4503
1906 4504
740 4505
643 4506
192 4507
2816 4508
1857 4509
32 4510
1739 4511
2033 4512
39 4513
189 4514
2286 4515
2968 4516
2364 4517
1066 4518
2099 4519
1468 4520
2993 4521
803 4522
2835 4523
638 4524
2302 4525
793 4526
143 4527
210 4528
671 4529
1642 4530
788 4531
1196 4532
830 4533
1860 4534
2540 4535
2245 4536
737 4537
2768 4538
2235 4539
1694 4540
1918 4541
740 4542
1895 4543
620 4544
1380 4545
313 4546
996 4547
613 4548
812 4549
2935 4550
359 4551
1930 4552
1863 4553
1197 4554
713 4555
2005 4556
1833 4557
2125 4558
2478 4559
1580 4560
2183 4561
1783 4562
630 4563
2271 4564
1733 4565
2421 4566
2236 4567
543 4568
1043 4569
1560 4570
1646 4571
1119 4572
217 4573
1545 4574
948 4575
2896 4576
240 4577
1986 4578
748 4579
1143 4580
491 4581
734 4582
172 4583
146 4584
2062 4585
2525 4586
1562 4587
1131 4588
1677 4589
1885 4590
2193 4591
963 4592
1561 4593
1222 4594
141 4595
603 4596
1319 4597
2348 4598
2585 4599
1319 4600
449 4601
531 4602
7 4603
388 4604
1520 4605
2798 4606
32 4607
2556 4608
2026 4609
640 4610
132 4611
2671 4612
2113 4613
1215 4614
2172 4615
2876 4616
37 4617
101 4618
869 4619
2441 4620
683 4621
417 4622
1376 4623
71 4624
21 4625
2878 4626
2433 4627
2657 4628
1764 4629
770 4630
1933 4631
2038 4632
1827 4633
2025 4634
1479 4635
2821 4636
1526 4637
1835 4638
564 4639
2169 4640
1227 4641
2075 4642
1245 4643
405 4644
319 4645
2346 4646
109 4647
1985 4648
2548 4649
2836 4650
396 4651
2150 4652
162 4653
1049 4654
2843 4655
2559 4656
788 4657
894 4658
2585 4659
2080 4660
1708 4661
493 4662
1206 4663
35 4664
825 4665
754 4666
2886 4667
761 4668
1624 4669
2440 4670
2615 4671
942 4672
337 4673
2156 4674
1151 4675
40 4676
1212 4677
2079 4678
1392 4679
49 4680
2436 4681
706 4682
2869 4683
499 4684
1586 4685
2021 4686
690 4687
2491 4688
2165 4689
1856 4690
2646 4691
1617 4692
2952 4693
1078 4694
2756 4695
1287 4696
2940 4697
2727 4698
859 4699
2344 4700
368 4701
2613 4702
1915 4703
28 4704
2470 4705
1345 4706
417 4707
2297 4708
2057 4709
2278 4710
1245 4711
2747 4712
548 4713
518 4714
2753 4715
1751 4716
355 4717
1093 4718
2436 4719
36 4720
768 4721
107 4722
1472 4723
2732 4724
1455 4725
2765 4726
2985 4727
1946 4728
443 4729
318 4730
2464 4731
1963 4732
2005 4733
570 4734
470 4735
914 4736
978 4737
2171 4738
117 4739
2919 4740
276 4741
1328 4742
2315 4743
400 4744
1580 4745
1450 4746
1016 4747
2427 4748
798 4749
2937 4750
187 4751
306 4752
989 4753
127 4754
2351 4755
1448 4756
1641 4757
2779 4758
2948 4759
1035 4760
2382 4761
2736 4762
2571 4763
802 4764
1712 4765
975 4766
1482 4767
1265 4768
2059 4769
2531 4770
1825 4771
1443 4772
1759 4773
1291 4774
1068 4775
503 4776
4 4777
1741 4778
2130 4779
2606 4780
938 4781
209 4782
2933 4783
2052 4784
2301 4785
2692 4786
75 4787
1045 4788
2095 4789
2022 4790
2588 4791
2754 4792
422 4793
254 4794
253 4795
1300 4796
823 4797
2476 4798
1733 4799
920 4800
1691 4801
2847 4802
2550 4803
1892 4804
322 4805
1448 4806
1854 4807
1425 4808
605 4809
1463 4810
2534 4811
857 4812
2192 4813
1013 4814
1019 4815
1131 4816
2487 4817
1178 4818
1707 4819
60 4820
1328 4821
1151 4822
1898 4823
2176 4824
234 4825
2742 4826
1086 4827
1154 4828
141 4829
1633 4830
2895 4831
2592 4832
2698 4833
1217 4834
2108 4835
83 4836
2171 4837
1528 4838
2378 4839
478 4840
710 4841
2288 4842
1942 4843
2308 4844
2207 4845
1437 4846
2140 4847
1110 4848
1340 4849
2097 4850
512 4851
357 4852
780 4853
1503 4854
1830 4855
2549 4856
2338 4857
906 4858
2614 4859
1155 4860
623 4861
294 4862
226 4863
2633 4864
1142 4865
1495 4866
1514 4867
1392 4868
980 4869
1241 4870
1768 4871
1077 4872
1496 4873
1952 4874
1264 4875
2038 4876
2255 4877
1018 4878
418 4879
2662 4880
2267 4881
2953 4882
1795 4883
2519 4884
1356 4885
1629 4886
848 4887
1224 4888
495 4889
2049 4890
2420 4891
1512 4892
159 4893
1684 4894
2868 4895
34 4896
2473 4897
2675 4898
2058 4899
1146 4900
2349 4901
981 4902
2431 4903
46 4904
145 4905
2792 4906
1685 4907
760 4908
2608 4909
2506 4910
2019 4911
2867 4912
1684 4913
2154 4914
57 4915
1691 4916
1583 4917
296 4918
1143 4919
498 4920
1080 4921
538 4922
2290 4923
2065 4924
2796 4925
2313 4926
855 4927
1500 4928
2379 4929
44 4930
2994 4931
769 4932
268 4933
891 4934
1969 4935
2618 4936
1156 4937
2510 4938
1892 4939
1601 4940
1395 4941
566 4942
2536 4943
980 4944
87 4945
172 4946
2077 4947
737 4948
2221 4949
2490 4950
2421 4951
2539 4952
245 4953
1343 4954
1510 4955
1837 4956
2582 4957
2839 4958
2033 4959
2302 4960
858 4961
2489 4962
851 4963
638 4964
2731 4965
1563 4966
796 4967
1665 4968
1102 4969
1571 4970
1775 4971
1786 4972
2207 4973
919 4974
145 4975
2593 4976
2517 4977
2312 4978
830 4979
2616 4980
1423 4981
1642 4982
2344 4983
2922 4984
1455 4985
2031 4986
2873 4987
181 4988
654 4989
668 4990
907 4991
2889 4992
1760 4993
2268 4994
2357 4995
1457 4996
353 4997
1268 4998
985 4999
1466 5000
