9000
1 2
2 3
3 4
4 5
5 6
6 7
7 8
8 9
9 10
10 11
11 12
12 13
13 14
14 15
15 16
16 17
17 18
18 19
19 20
20 21
21 22
22 23
23 24
24 25
25 26
26 27
27 28
28 29
29 30
30 31
31 32
32 33
33 34
34 35
35 36
36 37
37 38
38 39
39 40
40 41
41 42
42 43
43 44
44 45
45 46
46 47
47 48
48 49
49 50
50 51
51 52
52 53
53 54
54 55
55 56
56 57
57 58
58 59
59 60
60 61
61 62
62 63
63 64
64 65
65 66
66 67
67 68
68 69
69 70
70 71
71 72
72 73
73 74
74 75
75 76
76 77
77 78
78 79
79 80
80 81
81 82
82 83
83 84
84 85
85 86
86 87
87 88
88 89
89 90
90 91
91 92
92 93
93 94
94 95
95 96
96 97
97 98
98 99
99 100
100 101
101 102
102 103
103 104
104 105
105 106
106 107
107 108
108 109
109 110
110 111
111 112
112 113
113 114
114 115
115 116
116 117
117 118
118 119
119 120
120 121
121 122
122 123
123 124
124 125
125 126
126 127
127 128
128 129
129 130
130 131
131 132
132 133
133 134
134 135
135 136
136 137
137 138
138 139
139 140
140 141
141 142
142 143
143 144
144 145
145 146
146 147
147 148
148 149
149 150
150 151
151 152
152 153
153 154
154 155
155 156
156 157
157 158
158 159
159 160
160 161
161 162
162 163
163 164
164 165
165 166
166 167
167 168
168 169
169 170
170 171
171 172
172 173
173 174
174 175
175 176
176 177
177 178
178 179
179 180
180 181
181 182
182 183
183 184
184 185
185 186
186 187
187 188
188 189
189 190
190 191
191 192
192 193
193 194
194 195
195 196
196 197
197 198
198 199
199 200
200 201
201 202
202 203
203 204
204 205
205 206
206 207
207 208
208 209
209 210
210 211
211 212
212 213
213 214
214 215
215 216
216 217
217 218
218 219
219 220
220 221
221 222
222 223
223 224
224 225
225 226
226 227
227 228
228 229
229 230
230 231
231 232
232 233
233 234
234 235
235 236
236 237
237 238
238 239
239 240
240 241
241 242
242 243
243 244
244 245
245 246
246 247
247 248
248 249
249 250
250 251
251 252
252 253
253 254
254 255
255 256
256 257
257 258
258 259
259 260
260 261
261 262
262 263
263 264
264 265
265 266
266 267
267 268
268 269
269 270
270 271
271 272
272 273
273 274
274 275
275 276
276 277
277 278
278 279
279 280
280 281
281 282
282 283
283 284
284 285
285 286
286 287
287 288
288 289
289 290
290 291
291 292
292 293
293 294
294 295
295 296
296 297
297 298
298 299
299 300
300 301
301 302
302 303
303 304
304 305
305 306
306 307
307 308
308 309
309 310
310 311
311 312
312 313
313 314
314 315
315 316
316 317
317 318
318 319
319 320
320 321
321 322
322 323
323 324
324 325
325 326
326 327
327 328
328 329
329 330
330 331
331 332
332 333
333 334
334 335
335 336
336 337
337 338
338 339
339 340
340 341
341 342
342 343
343 344
344 345
345 346
346 347
347 348
348 349
349 350
350 351
351 352
352 353
353 354
354 355
355 356
356 357
357 358
358 359
359 360
360 361
361 362
362 363
363 364
364 365
365 366
366 367
367 368
368 369
369 370
370 371
371 372
372 373
373 374
374 375
375 376
376 377
377 378
378 379
379 380
380 381
381 382
382 383
383 384
384 385
385 386
386 387
387 388
388 389
389 390
390 391
391 392
392 393
393 394
394 395
395 396
396 397
397 398
398 399
399 400
400 401
401 402
402 403
403 404
404 405
405 406
406 407
407 408
408 409
409 410
410 411
411 412
412 413
413 414
414 415
415 416
416 417
417 418
418 419
419 420
420 421
421 422
422 423
423 424
424 425
425 426
426 427
427 428
428 429
429 430
430 431
431 432
432 433
433 434
434 435
435 436
436 437
437 438
438 439
439 440
440 441
441 442
442 443
443 444
444 445
445 446
446 447
447 448
448 449
449 450
450 451
451 452
452 453
453 454
454 455
455 456
456 457
457 458
458 459
459 460
460 461
461 462
462 463
463 464
464 465
465 466
466 467
467 468
468 469
469 470
470 471
471 472
472 473
473 474
474 475
475 476
476 477
477 478
478 479
479 480
480 481
481 482
482 483
483 484
484 485
485 486
486 487
487 488
488 489
489 490
490 491
491 492
492 493
493 494
494 495
495 496
496 497
497 498
498 499
499 500
500 501
501 502
502 503
503 504
504 505
505 506
506 507
507 508
508 509
509 510
510 511
511 512
512 513
513 514
514 515
515 516
516 517
517 518
518 519
519 520
520 521
521 522
522 523
523 524
524 525
525 526
526 527
527 528
528 529
529 530
530 531
531 532
532 533
533 534
534 535
535 536
536 537
537 538
538 539
539 540
540 541
541 542
542 543
543 544
544 545
545 546
546 547
547 548
548 549
549 550
550 551
551 552
552 553
553 554
554 555
555 556
556 557
557 558
558 559
559 560
560 561
561 562
562 563
563 564
564 565
565 566
566 567
567 568
568 569
569 570
570 571
571 572
572 573
573 574
574 575
575 576
576 577
577 578
578 579
579 580
580 581
581 582
582 583
583 584
584 585
585 586
586 587
587 588
588 589
589 590
590 591
591 592
592 593
593 594
594 595
595 596
596 597
597 598
598 599
599 600
600 601
601 602
602 603
603 604
604 605
605 606
606 607
607 608
608 609
609 610
610 611
611 612
612 613
613 614
614 615
615 616
616 617
617 618
618 619
619 620
620 621
621 622
622 623
623 624
624 625
625 626
626 627
627 628
628 629
629 630
630 631
631 632
632 633
633 634
634 635
635 636
636 637
637 638
638 639
639 640
640 641
641 642
642 643
643 644
644 645
645 646
646 647
647 648
648 649
649 650
650 651
651 652
652 653
653 654
654 655
655 656
656 657
657 658
658 659
659 660
660 661
661 662
662 663
663 664
664 665
665 666
666 667
667 668
668 669
669 670
670 671
671 672
672 673
673 674
674 675
675 676
676 677
677 678
678 679
679 680
680 681
681 682
682 683
683 684
684 685
685 686
686 687
687 688
688 689
689 690
690 691
691 692
692 693
693 694
694 695
695 696
696 697
697 698
698 699
699 700
700 701
701 702
702 703
703 704
704 705
705 706
706 707
707 708
708 709
709 710
710 711
711 712
712 713
713 714
714 715
715 716
716 717
717 718
718 719
719 720
720 721
721 722
722 723
723 724
724 725
725 726
726 727
727 728
728 729
729 730
730 731
731 732
732 733
733 734
734 735
735 736
736 737
737 738
738 739
739 740
740 741
741 742
742 743
743 744
744 745
745 746
746 747
747 748
748 749
749 750
750 751
751 752
752 753
753 754
754 755
755 756
756 757
757 758
758 759
759 760
760 761
761 762
762 763
763 764
764 765
765 766
766 767
767 768
768 769
769 770
770 771
771 772
772 773
773 774
774 775
775 776
776 777
777 778
778 779
779 780
780 781
781 782
782 783
783 784
784 785
785 786
786 787
787 788
788 789
789 790
790 791
791 792
792 793
793 794
794 795
795 796
796 797
797 798
798 799
799 800
800 801
801 802
802 803
803 804
804 805
805 806
806 807
807 808
808 809
809 810
810 811
811 812
812 813
813 814
814 815
815 816
816 817
817 818
818 819
819 820
820 821
821 822
822 823
823 824
824 825
825 826
826 827
827 828
828 829
829 830
830 831
831 832
832 833
833 834
834 835
835 836
836 837
837 838
838 839
839 840
840 841
841 842
842 843
843 844
844 845
845 846
846 847
847 848
848 849
849 850
850 851
851 852
852 853
853 854
854 855
855 856
856 857
857 858
858 859
859 860
860 861
861 862
862 863
863 864
864 865
865 866
866 867
867 868
868 869
869 870
870 871
871 872
872 873
873 874
874 875
875 876
876 877
877 878
878 879
879 880
880 881
881 882
882 883
883 884
884 885
885 886
886 887
887 888
888 889
889 890
890 891
891 892
892 893
893 894
894 895
895 896
896 897
897 898
898 899
899 900
900 901
901 902
902 903
903 904
904 905
905 906
906 907
907 908
908 909
909 910
910 911
911 912
912 913
913 914
914 915
915 916
916 917
917 918
918 919
919 920
920 921
921 922
922 923
923 924
924 925
925 926
926 927
927 928
928 929
929 930
930 931
931 932
932 933
933 934
934 935
935 936
936 937
937 938
938 939
939 940
940 941
941 942
942 943
943 944
944 945
945 946
946 947
947 948
948 949
949 950
950 951
951 952
952 953
953 954
954 955
955 956
956 957
957 958
958 959
959 960
960 961
961 962
962 963
963 964
964 965
965 966
966 967
967 968
968 969
969 970
970 971
971 972
972 973
973 974
974 975
975 976
976 977
977 978
978 979
979 980
980 981
981 982
982 983
983 984
984 985
985 986
986 987
987 988
988 989
989 990
990 991
991 992
992 993
993 994
994 995
995 996
996 997
997 998
998 999
999 1000
1000 1001
1001 1002
1002 1003
1003 1004
1004 1005
1005 1006
1006 1007
1007 1008
1008 1009
1009 1010
1010 1011
1011 1012
1012 1013
1013 1014
1014 1015
1015 1016
1016 1017
1017 1018
1018 1019
1019 1020
1020 1021
1021 1022
1022 1023
1023 1024
1024 1025
1025 1026
1026 1027
1027 1028
1028 1029
1029 1030
1030 1031
1031 1032
1032 1033
1033 1034
1034 1035
1035 1036
1036 1037
1037 1038
1038 1039
1039 1040
1040 1041
1041 1042
1042 1043
1043 1044
1044 1045
1045 1046
1046 1047
1047 1048
1048 1049
1049 1050
1050 1051
1051 1052
1052 1053
1053 1054
1054 1055
1055 1056
1056 1057
1057 1058
1058 1059
1059 1060
1060 1061
1061 1062
1062 1063
1063 1064
1064 1065
1065 1066
1066 1067
1067 1068
1068 1069
1069 1070
1070 1071
1071 1072
1072 1073
1073 1074
1074 1075
1075 1076
1076 1077
1077 1078
1078 1079
1079 1080
1080 1081
1081 1082
1082 1083
1083 1084
1084 1085
1085 1086
1086 1087
1087 1088
1088 1089
1089 1090
1090 1091
1091 1092
1092 1093
1093 1094
1094 1095
1095 1096
1096 1097
1097 1098
1098 1099
1099 1100
1100 1101
1101 1102
1102 1103
1103 1104
1104 1105
1105 1106
1106 1107
1107 1108
1108 1109
1109 1110
1110 1111
1111 1112
1112 1113
1113 1114
1114 1115
1115 1116
1116 1117
1117 1118
1118 1119
1119 1120
1120 1121
1121 1122
1122 1123
1123 1124
1124 1125
1125 1126
1126 1127
1127 1128
1128 1129
1129 1130
1130 1131
1131 1132
1132 1133
1133 1134
1134 1135
1135 1136
1136 1137
1137 1138
1138 1139
1139 1140
1140 1141
1141 1142
1142 1143
1143 1144
1144 1145
1145 1146
1146 1147
1147 1148
1148 1149
1149 1150
1150 1151
1151 1152
1152 1153
1153 1154
1154 1155
1155 1156
1156 1157
1157 1158
1158 1159
1159 1160
1160 1161
1161 1162
1162 1163
1163 1164
1164 1165
1165 1166
1166 1167
1167 1168
1168 1169
1169 1170
1170 1171
1171 1172
1172 1173
1173 1174
1174 1175
1175 1176
1176 1177
1177 1178
1178 1179
1179 1180
1180 1181
1181 1182
1182 1183
1183 1184
1184 1185
1185 1186
1186 1187
1187 1188
1188 1189
1189 1190
1190 1191
1191 1192
1192 1193
1193 1194
1194 1195
1195 1196
1196 1197
1197 1198
1198 1199
1199 1200
1200 1201
1201 1202
1202 1203
1203 1204
1204 1205
1205 1206
1206 1207
1207 1208
1208 1209
1209 1210
1210 1211
1211 1212
1212 1213
1213 1214
1214 1215
1215 1216
1216 1217
1217 1218
1218 1219
1219 1220
1220 1221
1221 1222
1222 1223
1223 1224
1224 1225
1225 1226
1226 1227
1227 1228
1228 1229
1229 1230
1230 1231
1231 1232
1232 1233
1233 1234
1234 1235
1235 1236
1236 1237
1237 1238
1238 1239
1239 1240
1240 1241
1241 1242
1242 1243
1243 1244
1244 1245
1245 1246
1246 1247
1247 1248
1248 1249
1249 1250
1250 1251
1251 1252
1252 1253
1253 1254
1254 1255
1255 1256
1256 1257
1257 1258
1258 1259
1259 1260
1260 1261
1261 1262
1262 1263
1263 1264
1264 1265
1265 1266
1266 1267
1267 1268
1268 1269
1269 1270
1270 1271
1271 1272
1272 1273
1273 1274
1274 1275
1275 1276
1276 1277
1277 1278
1278 1279
1279 1280
1280 1281
1281 1282
1282 1283
1283 1284
1284 1285
1285 1286
1286 1287
1287 1288
1288 1289
1289 1290
1290 1291
1291 1292
1292 1293
1293 1294
1294 1295
1295 1296
1296 1297
1297 1298
1298 1299
1299 1300
1300 1301
1301 1302
1302 1303
1303 1304
1304 1305
1305 1306
1306 1307
1307 1308
1308 1309
1309 1310
1310 1311
1311 1312
1312 1313
1313 1314
1314 1315
1315 1316
1316 1317
1317 1318
1318 1319
1319 1320
1320 1321
1321 1322
1322 1323
1323 1324
1324 1325
1325 1326
1326 1327
1327 1328
1328 1329
1329 1330
1330 1331
1331 1332
1332 1333
1333 1334
1334 1335
1335 1336
1336 1337
1337 1338
1338 1339
1339 1340
1340 1341
1341 1342
1342 1343
1343 1344
1344 1345
1345 1346
1346 1347
1347 1348
1348 1349
1349 1350
1350 1351
1351 1352
1352 1353
1353 1354
1354 1355
1355 1356
1356 1357
1357 1358
1358 1359
1359 1360
1360 1361
1361 1362
1362 1363
1363 1364
1364 1365
1365 1366
1366 1367
1367 1368
1368 1369
1369 1370
1370 1371
1371 1372
1372 1373
1373 1374
1374 1375
1375 1376
1376 1377
1377 1378
1378 1379
1379 1380
1380 1381
1381 1382
1382 1383
1383 1384
1384 1385
1385 1386
1386 1387
1387 1388
1388 1389
1389 1390
1390 1391
1391 1392
1392 1393
1393 1394
1394 1395
1395 1396
1396 1397
1397 1398
1398 1399
1399 1400
1400 1401
1401 1402
1402 1403
1403 1404
1404 1405
1405 1406
1406 1407
1407 1408
1408 1409
1409 1410
1410 1411
1411 1412
1412 1413
1413 1414
1414 1415
1415 1416
1416 1417
1417 1418
1418 1419
1419 1420
1420 1421
1421 1422
1422 1423
1423 1424
1424 1425
1425 1426
1426 1427
1427 1428
1428 1429
1429 1430
1430 1431
1431 1432
1432 1433
1433 1434
1434 1435
1435 1436
1436 1437
1437 1438
1438 1439
1439 1440
1440 1441
1441 1442
1442 1443
1443 1444
1444 1445
1445 1446
1446 1447
1447 1448
1448 1449
1449 1450
1450 1451
1451 1452
1452 1453
1453 1454
1454 1455
1455 1456
1456 1457
1457 1458
1458 1459
1459 1460
1460 1461
1461 1462
1462 1463
1463 1464
1464 1465
1465 1466
1466 1467
1467 1468
1468 1469
1469 1470
1470 1471
1471 1472
1472 1473
1473 1474
1474 1475
1475 1476
1476 1477
1477 1478
1478 1479
1479 1480
1480 1481
1481 1482
1482 1483
1483 1484
1484 1485
1485 1486
1486 1487
1487 1488
1488 1489
1489 1490
1490 1491
1491 1492
1492 1493
1493 1494
1494 1495
1495 1496
1496 1497
1497 1498
1498 1499
1499 1500
1500 1501
1501 1502
1502 1503
1503 1504
1504 1505
1505 1506
1506 1507
1507 1508
1508 1509
1509 1510
1510 1511
1511 1512
1512 1513
1513 1514
1514 1515
1515 1516
1516 1517
1517 1518
1518 1519
1519 1520
1520 1521
1521 1522
1522 1523
1523 1524
1524 1525
1525 1526
1526 1527
1527 1528
1528 1529
1529 1530
1530 1531
1531 1532
1532 1533
1533 1534
1534 1535
1535 1536
1536 1537
1537 1538
1538 1539
1539 1540
1540 1541
1541 1542
1542 1543
1543 1544
1544 1545
1545 1546
1546 1547
1547 1548
1548 1549
1549 1550
1550 1551
1551 1552
1552 1553
1553 1554
1554 1555
1555 1556
1556 1557
1557 1558
1558 1559
1559 1560
1560 1561
1561 1562
1562 1563
1563 1564
1564 1565
1565 1566
1566 1567
1567 1568
1568 1569
1569 1570
1570 1571
1571 1572
1572 1573
1573 1574
1574 1575
1575 1576
1576 1577
1577 1578
1578 1579
1579 1580
1580 1581
1581 1582
1582 1583
1583 1584
1584 1585
1585 1586
1586 1587
1587 1588
1588 1589
1589 1590
1590 1591
1591 1592
1592 1593
1593 1594
1594 1595
1595 1596
1596 1597
1597 1598
1598 1599
1599 1600
1600 1601
1601 1602
1602 1603
1603 1604
1604 1605
1605 1606
1606 1607
1607 1608
1608 1609
1609 1610
1610 1611
1611 1612
1612 1613
1613 1614
1614 1615
1615 1616
1616 1617
1617 1618
1618 1619
1619 1620
1620 1621
1621 1622
1622 1623
1623 1624
1624 1625
1625 1626
1626 1627
1627 1628
1628 1629
1629 1630
1630 1631
1631 1632
1632 1633
1633 1634
1634 1635
1635 1636
1636 1637
1637 1638
1638 1639
1639 1640
1640 1641
1641 1642
1642 1643
1643 1644
1644 1645
1645 1646
1646 1647
1647 1648
1648 1649
1649 1650
1650 1651
1651 1652
1652 1653
1653 1654
1654 1655
1655 1656
1656 1657
1657 1658
1658 1659
1659 1660
1660 1661
1661 1662
1662 1663
1663 1664
1664 1665
1665 1666
1666 1667
1667 1668
1668 1669
1669 1670
1670 1671
1671 1672
1672 1673
1673 1674
1674 1675
1675 1676
1676 1677
1677 1678
1678 1679
1679 1680
1680 1681
1681 1682
1682 1683
1683 1684
1684 1685
1685 1686
1686 1687
1687 1688
1688 1689
1689 1690
1690 1691
1691 1692
1692 1693
1693 1694
1694 1695
1695 1696
1696 1697
1697 1698
1698 1699
1699 1700
1700 1701
1701 1702
1702 1703
1703 1704
1704 1705
1705 1706
1706 1707
1707 1708
1708 1709
1709 1710
1710 1711
1711 1712
1712 1713
1713 1714
1714 1715
1715 1716
1716 1717
1717 1718
1718 1719
1719 1720
1720 1721
1721 1722
1722 1723
1723 1724
1724 1725
1725 1726
1726 1727
1727 1728
1728 1729
1729 1730
1730 1731
1731 1732
1732 1733
1733 1734
1734 1735
1735 1736
1736 1737
1737 1738
1738 1739
1739 1740
1740 1741
1741 1742
1742 1743
1743 1744
1744 1745
1745 1746
1746 1747
1747 1748
1748 1749
1749 1750
1750 1751
1751 1752
1752 1753
1753 1754
1754 1755
1755 1756
1756 1757
1757 1758
1758 1759
1759 1760
1760 1761
1761 1762
1762 1763
1763 1764
1764 1765
1765 1766
1766 1767
1767 1768
1768 1769
1769 1770
1770 1771
1771 1772
1772 1773
1773 1774
1774 1775
1775 1776
1776 1777
1777 1778
1778 1779
1779 1780
1780 1781
1781 1782
1782 1783
1783 1784
1784 1785
1785 1786
1786 1787
1787 1788
1788 1789
1789 1790
1790 1791
1791 1792
1792 1793
1793 1794
1794 1795
1795 1796
1796 1797
1797 1798
1798 1799
1799 1800
1800 1801
1801 1802
1802 1803
1803 1804
1804 1805
1805 1806
1806 1807
1807 1808
1808 1809
1809 1810
1810 1811
1811 1812
1812 1813
1813 1814
1814 1815
1815 1816
1816 1817
1817 1818
1818 1819
1819 1820
1820 1821
1821 1822
1822 1823
1823 1824
1824 1825
1825 1826
1826 1827
1827 1828
1828 1829
1829 1830
1830 1831
1831 1832
1832 1833
1833 1834
1834 1835
1835 1836
1836 1837
1837 1838
1838 1839
1839 1840
1840 1841
1841 1842
1842 1843
1843 1844
1844 1845
1845 1846
1846 1847
1847 1848
1848 1849
1849 1850
1850 1851
1851 1852
1852 1853
1853 1854
1854 1855
1855 1856
1856 1857
1857 1858
1858 1859
1859 1860
1860 1861
1861 1862
1862 1863
1863 1864
1864 1865
1865 1866
1866 1867
1867 1868
1868 1869
1869 1870
1870 1871
1871 1872
1872 1873
1873 1874
1874 1875
1875 1876
1876 1877
1877 1878
1878 1879
1879 1880
1880 1881
1881 1882
1882 1883
1883 1884
1884 1885
1885 1886
1886 1887
1887 1888
1888 1889
1889 1890
1890 1891
1891 1892
1892 1893
1893 1894
1894 1895
1895 1896
1896 1897
1897 1898
1898 1899
1899 1900
1900 1901
1901 1902
1902 1903
1903 1904
1904 1905
1905 1906
1906 1907
1907 1908
1908 1909
1909 1910
1910 1911
1911 1912
1912 1913
1913 1914
1914 1915
1915 1916
1916 1917
1917 1918
1918 1919
1919 1920
1920 1921
1921 1922
1922 1923
1923 1924
1924 1925
1925 1926
1926 1927
1927 1928
1928 1929
1929 1930
1930 1931
1931 1932
1932 1933
1933 1934
1934 1935
1935 1936
1936 1937
1937 1938
1938 1939
1939 1940
1940 1941
1941 1942
1942 1943
1943 1944
1944 1945
1945 1946
1946 1947
1947 1948
1948 1949
1949 1950
1950 1951
1951 1952
1952 1953
1953 1954
1954 1955
1955 1956
1956 1957
1957 1958
1958 1959
1959 1960
1960 1961
1961 1962
1962 1963
1963 1964
1964 1965
1965 1966
1966 1967
1967 1968
1968 1969
1969 1970
1970 1971
1971 1972
1972 1973
1973 1974
1974 1975
1975 1976
1976 1977
1977 1978
1978 1979
1979 1980
1980 1981
1981 1982
1982 1983
1983 1984
1984 1985
1985 1986
1986 1987
1987 1988
1988 1989
1989 1990
1990 1991
1991 1992
1992 1993
1993 1994
1994 1995
1995 1996
1996 1997
1997 1998
1998 1999
1999 2000
2000 2001
2001 2002
2002 2003
2003 2004
2004 2005
2005 2006
2006 2007
2007 2008
2008 2009
2009 2010
2010 2011
2011 2012
2012 2013
2013 2014
2014 2015
2015 2016
2016 2017
2017 2018
2018 2019
2019 2020
2020 2021
2021 2022
2022 2023
2023 2024
2024 2025
2025 2026
2026 2027
2027 2028
2028 2029
2029 2030
2030 2031
2031 2032
2032 2033
2033 2034
2034 2035
2035 2036
2036 2037
2037 2038
2038 2039
2039 2040
2040 2041
2041 2042
2042 2043
2043 2044
2044 2045
2045 2046
2046 2047
2047 2048
2048 2049
2049 2050
2050 2051
2051 2052
2052 2053
2053 2054
2054 2055
2055 2056
2056 2057
2057 2058
2058 2059
2059 2060
2060 2061
2061 2062
2062 2063
2063 2064
2064 2065
2065 2066
2066 2067
2067 2068
2068 2069
2069 2070
2070 2071
2071 2072
2072 2073
2073 2074
2074 2075
2075 2076
2076 2077
2077 2078
2078 2079
2079 2080
2080 2081
2081 2082
2082 2083
2083 2084
2084 2085
2085 2086
2086 2087
2087 2088
2088 2089
2089 2090
2090 2091
2091 2092
2092 2093
2093 2094
2094 2095
2095 2096
2096 2097
2097 2098
2098 2099
2099 2100
2100 2101
2101 2102
2102 2103
2103 2104
2104 2105
2105 2106
2106 2107
2107 2108
2108 2109
2109 2110
2110 2111
2111 2112
2112 2113
2113 2114
2114 2115
2115 2116
2116 2117
2117 2118
2118 2119
2119 2120
2120 2121
2121 2122
2122 2123
2123 2124
2124 2125
2125 2126
2126 2127
2127 2128
2128 2129
2129 2130
2130 2131
2131 2132
2132 2133
2133 2134
2134 2135
2135 2136
2136 2137
2137 2138
2138 2139
2139 2140
2140 2141
2141 2142
2142 2143
2143 2144
2144 2145
2145 2146
2146 2147
2147 2148
2148 2149
2149 2150
2150 2151
2151 2152
2152 2153
2153 2154
2154 2155
2155 2156
2156 2157
2157 2158
2158 2159
2159 2160
2160 2161
2161 2162
2162 2163
2163 2164
2164 2165
2165 2166
2166 2167
2167 2168
2168 2169
2169 2170
2170 2171
2171 2172
2172 2173
2173 2174
2174 2175
2175 2176
2176 2177
2177 2178
2178 2179
2179 2180
2180 2181
2181 2182
2182 2183
2183 2184
2184 2185
2185 2186
2186 2187
2187 2188
2188 2189
2189 2190
2190 2191
2191 2192
2192 2193
2193 2194
2194 2195
2195 2196
2196 2197
2197 2198
2198 2199
2199 2200
2200 2201
2201 2202
2202 2203
2203 2204
2204 2205
2205 2206
2206 2207
2207 2208
2208 2209
2209 2210
2210 2211
2211 2212
2212 2213
2213 2214
2214 2215
2215 2216
2216 2217
2217 2218
2218 2219
2219 2220
2220 2221
2221 2222
2222 2223
2223 2224
2224 2225
2225 2226
2226 2227
2227 2228
2228 2229
2229 2230
2230 2231
2231 2232
2232 2233
2233 2234
2234 2235
2235 2236
2236 2237
2237 2238
2238 2239
2239 2240
2240 2241
2241 2242
2242 2243
2243 2244
2244 2245
2245 2246
2246 2247
2247 2248
2248 2249
2249 2250
2250 2251
2251 2252
2252 2253
2253 2254
2254 2255
2255 2256
2256 2257
2257 2258
2258 2259
2259 2260
2260 2261
2261 2262
2262 2263
2263 2264
2264 2265
2265 2266
2266 2267
2267 2268
2268 2269
2269 2270
2270 2271
2271 2272
2272 2273
2273 2274
2274 2275
2275 2276
2276 2277
2277 2278
2278 2279
2279 2280
2280 2281
2281 2282
2282 2283
2283 2284
2284 2285
2285 2286
2286 2287
2287 2288
2288 2289
2289 2290
2290 2291
2291 2292
2292 2293
2293 2294
2294 2295
2295 2296
2296 2297
2297 2298
2298 2299
2299 2300
2300 2301
2301 2302
2302 2303
2303 2304
2304 2305
2305 2306
2306 2307
2307 2308
2308 2309
2309 2310
2310 2311
2311 2312
2312 2313
2313 2314
2314 2315
2315 2316
2316 2317
2317 2318
2318 2319
2319 2320
2320 2321
2321 2322
2322 2323
2323 2324
2324 2325
2325 2326
2326 2327
2327 2328
2328 2329
2329 2330
2330 2331
2331 2332
2332 2333
2333 2334
2334 2335
2335 2336
2336 2337
2337 2338
2338 2339
2339 2340
2340 2341
2341 2342
2342 2343
2343 2344
2344 2345
2345 2346
2346 2347
2347 2348
2348 2349
2349 2350
2350 2351
2351 2352
2352 2353
2353 2354
2354 2355
2355 2356
2356 2357
2357 2358
2358 2359
2359 2360
2360 2361
2361 2362
2362 2363
2363 2364
2364 2365
2365 2366
2366 2367
2367 2368
2368 2369
2369 2370
2370 2371
2371 2372
2372 2373
2373 2374
2374 2375
2375 2376
2376 2377
2377 2378
2378 2379
2379 2380
2380 2381
2381 2382
2382 2383
2383 2384
2384 2385
2385 2386
2386 2387
2387 2388
2388 2389
2389 2390
2390 2391
2391 2392
2392 2393
2393 2394
2394 2395
2395 2396
2396 2397
2397 2398
2398 2399
2399 2400
2400 2401
2401 2402
2402 2403
2403 2404
2404 2405
2405 2406
2406 2407
2407 2408
2408 2409
2409 2410
2410 2411
2411 2412
2412 2413
2413 2414
2414 2415
2415 2416
2416 2417
2417 2418
2418 2419
2419 2420
2420 2421
2421 2422
2422 2423
2423 2424
2424 2425
2425 2426
2426 2427
2427 2428
2428 2429
2429 2430
2430 2431
2431 2432
2432 2433
2433 2434
2434 2435
2435 2436
2436 2437
2437 2438
2438 2439
2439 2440
2440 2441
2441 2442
2442 2443
2443 2444
2444 2445
2445 2446
2446 2447
2447 2448
2448 2449
2449 2450
2450 2451
2451 2452
2452 2453
2453 2454
2454 2455
2455 2456
2456 2457
2457 2458
2458 2459
2459 2460
2460 2461
2461 2462
2462 2463
2463 2464
2464 2465
2465 2466
2466 2467
2467 2468
2468 2469
2469 2470
2470 2471
2471 2472
2472 2473
2473 2474
2474 2475
2475 2476
2476 2477
2477 2478
2478 2479
2479 2480
2480 2481
2481 2482
2482 2483
2483 2484
2484 2485
2485 2486
2486 2487
2487 2488
2488 2489
2489 2490
2490 2491
2491 2492
2492 2493
2493 2494
2494 2495
2495 2496
2496 2497
2497 2498
2498 2499
2499 2500
2500 2501
2501 2502
2502 2503
2503 2504
2504 2505
2505 2506
2506 2507
2507 2508
2508 2509
2509 2510
2510 2511
2511 2512
2512 2513
2513 2514
2514 2515
2515 2516
2516 2517
2517 2518
2518 2519
2519 2520
2520 2521
2521 2522
2522 2523
2523 2524
2524 2525
2525 2526
2526 2527
2527 2528
2528 2529
2529 2530
2530 2531
2531 2532
2532 2533
2533 2534
2534 2535
2535 2536
2536 2537
2537 2538
2538 2539
2539 2540
2540 2541
2541 2542
2542 2543
2543 2544
2544 2545
2545 2546
2546 2547
2547 2548
2548 2549
2549 2550
2550 2551
2551 2552
2552 2553
2553 2554
2554 2555
2555 2556
2556 2557
2557 2558
2558 2559
2559 2560
2560 2561
2561 2562
2562 2563
2563 2564
2564 2565
2565 2566
2566 2567
2567 2568
2568 2569
2569 2570
2570 2571
2571 2572
2572 2573
2573 2574
2574 2575
2575 2576
2576 2577
2577 2578
2578 2579
2579 2580
2580 2581
2581 2582
2582 2583
2583 2584
2584 2585
2585 2586
2586 2587
2587 2588
2588 2589
2589 2590
2590 2591
2591 2592
2592 2593
2593 2594
2594 2595
2595 2596
2596 2597
2597 2598
2598 2599
2599 2600
2600 2601
2601 2602
2602 2603
2603 2604
2604 2605
2605 2606
2606 2607
2607 2608
2608 2609
2609 2610
2610 2611
2611 2612
2612 2613
2613 2614
2614 2615
2615 2616
2616 2617
2617 2618
2618 2619
2619 2620
2620 2621
2621 2622
2622 2623
2623 2624
2624 2625
2625 2626
2626 2627
2627 2628
2628 2629
2629 2630
2630 2631
2631 2632
2632 2633
2633 2634
2634 2635
2635 2636
2636 2637
2637 2638
2638 2639
2639 2640
2640 2641
2641 2642
2642 2643
2643 2644
2644 2645
2645 2646
2646 2647
2647 2648
2648 2649
2649 2650
2650 2651
2651 2652
2652 2653
2653 2654
2654 2655
2655 2656
2656 2657
2657 2658
2658 2659
2659 2660
2660 2661
2661 2662
2662 2663
2663 2664
2664 2665
2665 2666
2666 2667
2667 2668
2668 2669
2669 2670
2670 2671
2671 2672
2672 2673
2673 2674
2674 2675
2675 2676
2676 2677
2677 2678
2678 2679
2679 2680
2680 2681
2681 2682
2682 2683
2683 2684
2684 2685
2685 2686
2686 2687
2687 2688
2688 2689
2689 2690
2690 2691
2691 2692
2692 2693
2693 2694
2694 2695
2695 2696
2696 2697
2697 2698
2698 2699
2699 2700
2700 2701
2701 2702
2702 2703
2703 2704
2704 2705
2705 2706
2706 2707
2707 2708
2708 2709
2709 2710
2710 2711
2711 2712
2712 2713
2713 2714
2714 2715
2715 2716
2716 2717
2717 2718
2718 2719
2719 2720
2720 2721
2721 2722
2722 2723
2723 2724
2724 2725
2725 2726
2726 2727
2727 2728
2728 2729
2729 2730
2730 2731
2731 2732
2732 2733
2733 2734
2734 2735
2735 2736
2736 2737
2737 2738
2738 2739
2739 2740
2740 2741
2741 2742
2742 2743
2743 2744
2744 2745
2745 2746
2746 2747
2747 2748
2748 2749
2749 2750
2750 2751
2751 2752
2752 2753
2753 2754
2754 2755
2755 2756
2756 2757
2757 2758
2758 2759
2759 2760
2760 2761
2761 2762
2762 2763
2763 2764
2764 2765
2765 2766
2766 2767
2767 2768
2768 2769
2769 2770
2770 2771
2771 2772
2772 2773
2773 2774
2774 2775
2775 2776
2776 2777
2777 2778
2778 2779
2779 2780
2780 2781
2781 2782
2782 2783
2783 2784
2784 2785
2785 2786
2786 2787
2787 2788
2788 2789
2789 2790
2790 2791
2791 2792
2792 2793
2793 2794
2794 2795
2795 2796
2796 2797
2797 2798
2798 2799
2799 2800
2800 2801
2801 2802
2802 2803
2803 2804
2804 2805
2805 2806
2806 2807
2807 2808
2808 2809
2809 2810
2810 2811
2811 2812
2812 2813
2813 2814
2814 2815
2815 2816
2816 2817
2817 2818
2818 2819
2819 2820
2820 2821
2821 2822
2822 2823
2823 2824
2824 2825
2825 2826
2826 2827
2827 2828
2828 2829
2829 2830
2830 2831
2831 2832
2832 2833
2833 2834
2834 2835
2835 2836
2836 2837
2837 2838
2838 2839
2839 2840
2840 2841
2841 2842
2842 2843
2843 2844
2844 2845
2845 2846
2846 2847
2847 2848
2848 2849
2849 2850
2850 2851
2851 2852
2852 2853
2853 2854
2854 2855
2855 2856
2856 2857
2857 2858
2858 2859
2859 2860
2860 2861
2861 2862
2862 2863
2863 2864
2864 2865
2865 2866
2866 2867
2867 2868
2868 2869
2869 2870
2870 2871
2871 2872
2872 2873
2873 2874
2874 2875
2875 2876
2876 2877
2877 2878
2878 2879
2879 2880
2880 2881
2881 2882
2882 2883
2883 2884
2884 2885
2885 2886
2886 2887
2887 2888
2888 2889
2889 2890
2890 2891
2891 2892
2892 2893
2893 2894
2894 2895
2895 2896
2896 2897
2897 2898
2898 2899
2899 2900
2900 2901
2901 2902
2902 2903
2903 2904
2904 2905
2905 2906
2906 2907
2907 2908
2908 2909
2909 2910
2910 2911
2911 2912
2912 2913
2913 2914
2914 2915
2915 2916
2916 2917
2917 2918
2918 2919
2919 2920
2920 2921
2921 2922
2922 2923
2923 2924
2924 2925
2925 2926
2926 2927
2927 2928
2928 2929
2929 2930
2930 2931
2931 2932
2932 2933
2933 2934
2934 2935
2935 2936
2936 2937
2937 2938
2938 2939
2939 2940
2940 2941
2941 2942
2942 2943
2943 2944
2944 2945
2945 2946
2946 2947
2947 2948
2948 2949
2949 2950
2950 2951
2951 2952
2952 2953
2953 2954
2954 2955
2955 2956
2956 2957
2957 2958
2958 2959
2959 2960
2960 2961
2961 2962
2962 2963
2963 2964
2964 2965
2965 2966
2966 2967
2967 2968
2968 2969
2969 2970
2970 2971
2971 2972
2972 2973
2973 2974
2974 2975
2975 2976
2976 2977
2977 2978
2978 2979
2979 2980
2980 2981
2981 2982
2982 2983
2983 2984
2984 2985
2985 2986
2986 2987
2987 2988
2988 2989
2989 2990
2990 2991
2991 2992
2992 2993
2993 2994
2994 2995
2995 2996
2996 2997
2997 2998
2998 2999
2999 3000
3000 3001
3001 3002
3002 3003
3003 3004
3004 3005
3005 3006
3006 3007
3007 3008
3008 3009
3009 3010
3010 3011
3011 3012
3012 3013
3013 3014
3014 3015
3015 3016
3016 3017
3017 3018
3018 3019
3019 3020
3020 3021
3021 3022
3022 3023
3023 3024
3024 3025
3025 3026
3026 3027
3027 3028
3028 3029
3029 3030
3030 3031
3031 3032
3032 3033
3033 3034
3034 3035
3035 3036
3036 3037
3037 3038
3038 3039
3039 3040
3040 3041
3041 3042
3042 3043
3043 3044
3044 3045
3045 3046
3046 3047
3047 3048
3048 3049
3049 3050
3050 3051
3051 3052
3052 3053
3053 3054
3054 3055
3055 3056
3056 3057
3057 3058
3058 3059
3059 3060
3060 3061
3061 3062
3062 3063
3063 3064
3064 3065
3065 3066
3066 3067
3067 3068
3068 3069
3069 3070
3070 3071
3071 3072
3072 3073
3073 3074
3074 3075
3075 3076
3076 3077
3077 3078
3078 3079
3079 3080
3080 3081
3081 3082
3082 3083
3083 3084
3084 3085
3085 3086
3086 3087
3087 3088
3088 3089
3089 3090
3090 3091
3091 3092
3092 3093
3093 3094
3094 3095
3095 3096
3096 3097
3097 3098
3098 3099
3099 3100
3100 3101
3101 3102
3102 3103
3103 3104
3104 3105
3105 3106
3106 3107
3107 3108
3108 3109
3109 3110
3110 3111
3111 3112
3112 3113
3113 3114
3114 3115
3115 3116
3116 3117
3117 3118
3118 3119
3119 3120
3120 3121
3121 3122
3122 3123
3123 3124
3124 3125
3125 3126
3126 3127
3127 3128
3128 3129
3129 3130
3130 3131
3131 3132
3132 3133
3133 3134
3134 3135
3135 3136
3136 3137
3137 3138
3138 3139
3139 3140
3140 3141
3141 3142
3142 3143
3143 3144
3144 3145
3145 3146
3146 3147
3147 3148
3148 3149
3149 3150
3150 3151
3151 3152
3152 3153
3153 3154
3154 3155
3155 3156
3156 3157
3157 3158
3158 3159
3159 3160
3160 3161
3161 3162
3162 3163
3163 3164
3164 3165
3165 3166
3166 3167
3167 3168
3168 3169
3169 3170
3170 3171
3171 3172
3172 3173
3173 3174
3174 3175
3175 3176
3176 3177
3177 3178
3178 3179
3179 3180
3180 3181
3181 3182
3182 3183
3183 3184
3184 3185
3185 3186
3186 3187
3187 3188
3188 3189
3189 3190
3190 3191
3191 3192
3192 3193
3193 3194
3194 3195
3195 3196
3196 3197
3197 3198
3198 3199
3199 3200
3200 3201
3201 3202
3202 3203
3203 3204
3204 3205
3205 3206
3206 3207
3207 3208
3208 3209
3209 3210
3210 3211
3211 3212
3212 3213
3213 3214
3214 3215
3215 3216
3216 3217
3217 3218
3218 3219
3219 3220
3220 3221
3221 3222
3222 3223
3223 3224
3224 3225
3225 3226
3226 3227
3227 3228
3228 3229
3229 3230
3230 3231
3231 3232
3232 3233
3233 3234
3234 3235
3235 3236
3236 3237
3237 3238
3238 3239
3239 3240
3240 3241
3241 3242
3242 3243
3243 3244
3244 3245
3245 3246
3246 3247
3247 3248
3248 3249
3249 3250
3250 3251
3251 3252
3252 3253
3253 3254
3254 3255
3255 3256
3256 3257
3257 3258
3258 3259
3259 3260
3260 3261
3261 3262
3262 3263
3263 3264
3264 3265
3265 3266
3266 3267
3267 3268
3268 3269
3269 3270
3270 3271
3271 3272
3272 3273
3273 3274
3274 3275
3275 3276
3276 3277
3277 3278
3278 3279
3279 3280
3280 3281
3281 3282
3282 3283
3283 3284
3284 3285
3285 3286
3286 3287
3287 3288
3288 3289
3289 3290
3290 3291
3291 3292
3292 3293
3293 3294
3294 3295
3295 3296
3296 3297
3297 3298
3298 3299
3299 3300
3300 3301
3301 3302
3302 3303
3303 3304
3304 3305
3305 3306
3306 3307
3307 3308
3308 3309
3309 3310
3310 3311
3311 3312
3312 3313
3313 3314
3314 3315
3315 3316
3316 3317
3317 3318
3318 3319
3319 3320
3320 3321
3321 3322
3322 3323
3323 3324
3324 3325
3325 3326
3326 3327
3327 3328
3328 3329
3329 3330
3330 3331
3331 3332
3332 3333
3333 3334
3334 3335
3335 3336
3336 3337
3337 3338
3338 3339
3339 3340
3340 3341
3341 3342
3342 3343
3343 3344
3344 3345
3345 3346
3346 3347
3347 3348
3348 3349
3349 3350
3350 3351
3351 3352
3352 3353
3353 3354
3354 3355
3355 3356
3356 3357
3357 3358
3358 3359
3359 3360
3360 3361
3361 3362
3362 3363
3363 3364
3364 3365
3365 3366
3366 3367
3367 3368
3368 3369
3369 3370
3370 3371
3371 3372
3372 3373
3373 3374
3374 3375
3375 3376
3376 3377
3377 3378
3378 3379
3379 3380
3380 3381
3381 3382
3382 3383
3383 3384
3384 3385
3385 3386
3386 3387
3387 3388
3388 3389
3389 3390
3390 3391
3391 3392
3392 3393
3393 3394
3394 3395
3395 3396
3396 3397
3397 3398
3398 3399
3399 3400
3400 3401
3401 3402
3402 3403
3403 3404
3404 3405
3405 3406
3406 3407
3407 3408
3408 3409
3409 3410
3410 3411
3411 3412
3412 3413
3413 3414
3414 3415
3415 3416
3416 3417
3417 3418
3418 3419
3419 3420
3420 3421
3421 3422
3422 3423
3423 3424
3424 3425
3425 3426
3426 3427
3427 3428
3428 3429
3429 3430
3430 3431
3431 3432
3432 3433
3433 3434
3434 3435
3435 3436
3436 3437
3437 3438
3438 3439
3439 3440
3440 3441
3441 3442
3442 3443
3443 3444
3444 3445
3445 3446
3446 3447
3447 3448
3448 3449
3449 3450
3450 3451
3451 3452
3452 3453
3453 3454
3454 3455
3455 3456
3456 3457
3457 3458
3458 3459
3459 3460
3460 3461
3461 3462
3462 3463
3463 3464
3464 3465
3465 3466
3466 3467
3467 3468
3468 3469
3469 3470
3470 3471
3471 3472
3472 3473
3473 3474
3474 3475
3475 3476
3476 3477
3477 3478
3478 3479
3479 3480
3480 3481
3481 3482
3482 3483
3483 3484
3484 3485
3485 3486
3486 3487
3487 3488
3488 3489
3489 3490
3490 3491
3491 3492
3492 3493
3493 3494
3494 3495
3495 3496
3496 3497
3497 3498
3498 3499
3499 3500
3500 3501
3501 3502
3502 3503
3503 3504
3504 3505
3505 3506
3506 3507
3507 3508
3508 3509
3509 3510
3510 3511
3511 3512
3512 3513
3513 3514
3514 3515
3515 3516
3516 3517
3517 3518
3518 3519
3519 3520
3520 3521
3521 3522
3522 3523
3523 3524
3524 3525
3525 3526
3526 3527
3527 3528
3528 3529
3529 3530
3530 3531
3531 3532
3532 3533
3533 3534
3534 3535
3535 3536
3536 3537
3537 3538
3538 3539
3539 3540
3540 3541
3541 3542
3542 3543
3543 3544
3544 3545
3545 3546
3546 3547
3547 3548
3548 3549
3549 3550
3550 3551
3551 3552
3552 3553
3553 3554
3554 3555
3555 3556
3556 3557
3557 3558
3558 3559
3559 3560
3560 3561
3561 3562
3562 3563
3563 3564
3564 3565
3565 3566
3566 3567
3567 3568
3568 3569
3569 3570
3570 3571
3571 3572
3572 3573
3573 3574
3574 3575
3575 3576
3576 3577
3577 3578
3578 3579
3579 3580
3580 3581
3581 3582
3582 3583
3583 3584
3584 3585
3585 3586
3586 3587
3587 3588
3588 3589
3589 3590
3590 3591
3591 3592
3592 3593
3593 3594
3594 3595
3595 3596
3596 3597
3597 3598
3598 3599
3599 3600
3600 3601
3601 3602
3602 3603
3603 3604
3604 3605
3605 3606
3606 3607
3607 3608
3608 3609
3609 3610
3610 3611
3611 3612
3612 3613
3613 3614
3614 3615
3615 3616
3616 3617
3617 3618
3618 3619
3619 3620
3620 3621
3621 3622
3622 3623
3623 3624
3624 3625
3625 3626
3626 3627
3627 3628
3628 3629
3629 3630
3630 3631
3631 3632
3632 3633
3633 3634
3634 3635
3635 3636
3636 3637
3637 3638
3638 3639
3639 3640
3640 3641
3641 3642
3642 3643
3643 3644
3644 3645
3645 3646
3646 3647
3647 3648
3648 3649
3649 3650
3650 3651
3651 3652
3652 3653
3653 3654
3654 3655
3655 3656
3656 3657
3657 3658
3658 3659
3659 3660
3660 3661
3661 3662
3662 3663
3663 3664
3664 3665
3665 3666
3666 3667
3667 3668
3668 3669
3669 3670
3670 3671
3671 3672
3672 3673
3673 3674
3674 3675
3675 3676
3676 3677
3677 3678
3678 3679
3679 3680
3680 3681
3681 3682
3682 3683
3683 3684
3684 3685
3685 3686
3686 3687
3687 3688
3688 3689
3689 3690
3690 3691
3691 3692
3692 3693
3693 3694
3694 3695
3695 3696
3696 3697
3697 3698
3698 3699
3699 3700
3700 3701
3701 3702
3702 3703
3703 3704
3704 3705
3705 3706
3706 3707
3707 3708
3708 3709
3709 3710
3710 3711
3711 3712
3712 3713
3713 3714
3714 3715
3715 3716
3716 3717
3717 3718
3718 3719
3719 3720
3720 3721
3721 3722
3722 3723
3723 3724
3724 3725
3725 3726
3726 3727
3727 3728
3728 3729
3729 3730
3730 3731
3731 3732
3732 3733
3733 3734
3734 3735
3735 3736
3736 3737
3737 3738
3738 3739
3739 3740
3740 3741
3741 3742
3742 3743
3743 3744
3744 3745
3745 3746
3746 3747
3747 3748
3748 3749
3749 3750
3750 3751
3751 3752
3752 3753
3753 3754
3754 3755
3755 3756
3756 3757
3757 3758
3758 3759
3759 3760
3760 3761
3761 3762
3762 3763
3763 3764
3764 3765
3765 3766
3766 3767
3767 3768
3768 3769
3769 3770
3770 3771
3771 3772
3772 3773
3773 3774
3774 3775
3775 3776
3776 3777
3777 3778
3778 3779
3779 3780
3780 3781
3781 3782
3782 3783
3783 3784
3784 3785
3785 3786
3786 3787
3787 3788
3788 3789
3789 3790
3790 3791
3791 3792
3792 3793
3793 3794
3794 3795
3795 3796
3796 3797
3797 3798
3798 3799
3799 3800
3800 3801
3801 3802
3802 3803
3803 3804
3804 3805
3805 3806
3806 3807
3807 3808
3808 3809
3809 3810
3810 3811
3811 3812
3812 3813
3813 3814
3814 3815
3815 3816
3816 3817
3817 3818
3818 3819
3819 3820
3820 3821
3821 3822
3822 3823
3823 3824
3824 3825
3825 3826
3826 3827
3827 3828
3828 3829
3829 3830
3830 3831
3831 3832
3832 3833
3833 3834
3834 3835
3835 3836
3836 3837
3837 3838
3838 3839
3839 3840
3840 3841
3841 3842
3842 3843
3843 3844
3844 3845
3845 3846
3846 3847
3847 3848
3848 3849
3849 3850
3850 3851
3851 3852
3852 3853
3853 3854
3854 3855
3855 3856
3856 3857
3857 3858
3858 3859
3859 3860
3860 3861
3861 3862
3862 3863
3863 3864
3864 3865
3865 3866
3866 3867
3867 3868
3868 3869
3869 3870
3870 3871
3871 3872
3872 3873
3873 3874
3874 3875
3875 3876
3876 3877
3877 3878
3878 3879
3879 3880
3880 3881
3881 3882
3882 3883
3883 3884
3884 3885
3885 3886
3886 3887
3887 3888
3888 3889
3889 3890
3890 3891
3891 3892
3892 3893
3893 3894
3894 3895
3895 3896
3896 3897
3897 3898
3898 3899
3899 3900
3900 3901
3901 3902
3902 3903
3903 3904
3904 3905
3905 3906
3906 3907
3907 3908
3908 3909
3909 3910
3910 3911
3911 3912
3912 3913
3913 3914
3914 3915
3915 3916
3916 3917
3917 3918
3918 3919
3919 3920
3920 3921
3921 3922
3922 3923
3923 3924
3924 3925
3925 3926
3926 3927
3927 3928
3928 3929
3929 3930
3930 3931
3931 3932
3932 3933
3933 3934
3934 3935
3935 3936
3936 3937
3937 3938
3938 3939
3939 3940
3940 3941
3941 3942
3942 3943
3943 3944
3944 3945
3945 3946
3946 3947
3947 3948
3948 3949
3949 3950
3950 3951
3951 3952
3952 3953
3953 3954
3954 3955
3955 3956
3956 3957
3957 3958
3958 3959
3959 3960
3960 3961
3961 3962
3962 3963
3963 3964
3964 3965
3965 3966
3966 3967
3967 3968
3968 3969
3969 3970
3970 3971
3971 3972
3972 3973
3973 3974
3974 3975
3975 3976
3976 3977
3977 3978
3978 3979
3979 3980
3980 3981
3981 3982
3982 3983
3983 3984
3984 3985
3985 3986
3986 3987
3987 3988
3988 3989
3989 3990
3990 3991
3991 3992
3992 3993
3993 3994
3994 3995
3995 3996
3996 3997
3997 3998
3998 3999
3999 4000
2105 4001
1112 4002
1260 4003
2026 4004
332 4005
2660 4006
1142 4007
3779 4008
2557 4009
1244 4010
1099 4011
8 4012
36 4013
3399 4014
2857 4015
399 4016
1485 4017
466 4018
2906 4019
2472 4020
379 4021
3426 4022
2332 4023
653 4024
940 4025
1932 4026
512 4027
186 4028
3679 4029
264 4030
2960 4031
2942 4032
3060 4033
1027 4034
244 4035
3826 4036
2451 4037
3636 4038
1943 4039
3946 4040
1871 4041
1938 4042
3333 4043
2154 4044
2604 4045
3395 4046
3096 4047
3291 4048
1887 4049
2648 4050
1875 4051
3806 4052
821 4053
3415 4054
3054 4055
321 4056
1335 4057
3865 4058
3283 4059
1807 4060
716 4061
22 4062
3497 4063
1420 4064
3711 4065
349 4066
591 4067
2946 4068
707 4069
3913 4070
619 4071
2677 4072
3668 4073
2960 4074
3556 4075
2014 4076
3295 4077
2173 4078
780 4079
2166 4080
293 4081
3105 4082
546 4083
2609 4084
669 4085
1157 4086
1399 4087
3565 4088
2424 4089
2819 4090
2448 4091
3563 4092
2632 4093
1462 4094
491 4095
3869 4096
3811 4097
175 4098
3973 4099
3937 4100
2404 4101
234 4102
3291 4103
1197 4104
3699 4105
3712 4106
1456 4107
875 4108
2278 4109
29 4110
751 4111
1159 4112
648 4113
501 4114
657 4115
327 4116
2841 4117
3923 4118
352 4119
2394 4120
2999 4121
3378 4122
3677 4123
3252 4124
2523 4125
1488 4126
1727 4127
3897 4128
2727 4129
3968 4130
1726 4131
375 4132
3774 4133
2558 4134
2735 4135
1370 4136
3796 4137
424 4138
528 4139
282 4140
2344 4141
1707 4142
199 4143
3351 4144
2671 4145
796 4146
2214 4147
1128 4148
1652 4149
1897 4150
1713 4151
1296 4152
2396 4153
2191 4154
451 4155
2162 4156
2414 4157
1452 4158
110 4159
519 4160
2067 4161
951 4162
225 4163
1326 4164
1978 4165
3599 4166
79 4167
2467 4168
1568 4169
466 4170
2702 4171
2802 4172
1518 4173
1168 4174
2205 4175
461 4176
3395 4177
1086 4178
1194 4179
1277 4180
1875 4181
3247 4182
2706 4183
3862 4184
2032 4185
736 4186
2218 4187
3375 4188
2024 4189
2386 4190
126 4191
2160 4192
3055 4193
1790 4194
2584 4195
2411 4196
639 4197
3748 4198
3107 4199
1936 4200
3934 4201
197 4202
944 4203
3260 4204
3679 4205
50 4206
2969 4207
850 4208
2698 4209
1764 4210
3844 4211
2990 4212
3680 4213
589 4214
139 4215
2325 4216
2330 4217
2862 4218
3929 4219
2992 4220
1234 4221
843 4222
919 4223
1883 4224
1156 4225
2140 4226
649 4227
281 4228
2774 4229
3077 4230
3186 4231
3562 4232
3126 4233
649 4234
191 4235
2272 4236
1475 4237
3514 4238
3042 4239
2286 4240
2702 4241
820 4242
382 4243
3810 4244
1698 4245
523 4246
3171 4247
2324 4248
3330 4249
1249 4250
1274 4251
1375 4252
1618 4253
285 4254
1219 4255
1393 4256
2682 4257
793 4258
3772 4259
3070 4260
326 4261
1946 4262
38 4263
2841 4264
688 4265
2150 4266
2883 4267
709 4268
1410 4269
2864 4270
866 4271
3176 4272
375 4273
311 4274
1758 4275
769 4276
2722 4277
1329 4278
387 4279
2908 4280
3313 4281
3106 4282
2675 4283
1444 4284
1683 4285
2161 4286
872 4287
3801 4288
3255 4289
1373 4290
1275 4291
2242 4292
3703 4293
2091 4294
37 4295
2372 4296
2709 4297
1860 4298
3427 4299
2771 4300
453 4301
1693 4302
1695 4303
2569 4304
459 4305
662 4306
429 4307
1461 4308
3238 4309
3271 4310
2419 4311
533 4312
3406 4313
311 4314
2061 4315
1607 4316
90 4317
368 4318
2384 4319
1628 4320
2277 4321
3568 4322
749 4323
3982 4324
3473 4325
1537 4326
1144 4327
2932 4328
3820 4329
3307 4330
3273 4331
1843 4332
1267 4333
967 4334
2978 4335
1688 4336
1780 4337
3127 4338
2355 4339
195 4340
3128 4341
3829 4342
3323 4343
2758 4344
1281 4345
3274 4346
2096 4347
1295 4348
1201 4349
2784 4350
3073 4351
3265 4352
3691 4353
2202 4354
1753 4355
1034 4356
1597 4357
450 4358
3206 4359
1168 4360
3966 4361
547 4362
3067 4363
3405 4364
1140 4365
408 4366
211 4367
1629 4368
3706 4369
1028 4370
1464 4371
3382 4372
1504 4373
164 4374
739 4375
856 4376
3923 4377
2 4378
2948 4379
1732 4380
2303 4381
971 4382
2915 4383
3281 4384
3058 4385
1859 4386
1352 4387
1629 4388
34 4389
1751 4390
2425 4391
3905 4392
1938 4393
3540 4394
194 4395
424 4396
1361 4397
2486 4398
314 4399
1666 4400
2915 4401
516 4402
1955 4403
3380 4404
869 4405
186 4406
1426 4407
434 4408
2859 4409
102 4410
3984 4411
399 4412
1612 4413
471 4414
2240 4415
116 4416
2176 4417
3027 4418
1346 4419
1328 4420
136 4421
1577 4422
887 4423
1839 4424
2000 4425
1542 4426
3078 4427
3661 4428
1841 4429
3051 4430
1791 4431
173 4432
633 4433
3646 4434
3229 4435
3109 4436
655 4437
2720 4438
2033 4439
1276 4440
2161 4441
480 4442
381 4443
1336 4444
3040 4445
3278 4446
1726 4447
3153 4448
1695 4449
2258 4450
1039 4451
2410 4452
184 4453
3742 4454
1033 4455
3841 4456
32 4457
1409 4458
3343 4459
132 4460
188 4461
2238 4462
265 4463
2470 4464
2628 4465
700 4466
3727 4467
1746 4468
3526 4469
1343 4470
3560 4471
576 4472
3982 4473
1943 4474
1747 4475
70 4476
1892 4477
1367 4478
3943 4479
3345 4480
1271 4481
169 4482
3702 4483
948 4484
3385 4485
2048 4486
2423 4487
2655 4488
3691 4489
2062 4490
2116 4491
2644 4492
2939 4493
3095 4494
481 4495
1750 4496
746 4497
3397 4498
1087 4499
1027 4500
2003 4501
2845 4502
127 4503
164 4504
3017 4505
3827 4506
730 4507
1154 4508
704 4509
1626 4510
577 4511
123 4512
174 4513
2974 4514
2881 4515
2037 4516
3411 4517
2741 4518
1737 4519
1970 4520
3480 4521
787 4522
2031 4523
261 4524
3092 4525
1885 4526
303 4527
613 4528
3381 4529
1217 4530
3221 4531
2943 4532
3837 4533
164 4534
2974 4535
2512 4536
1738 4537
2300 4538
1178 4539
2163 4540
3866 4541
2463 4542
3669 4543
24 4544
686 4545
2490 4546
86 4547
566 4548
3791 4549
519 4550
775 4551
3042 4552
143 4553
2169 4554
1686 4555
3840 4556
274 4557
1626 4558
2715 4559
3066 4560
236 4561
3544 4562
2779 4563
207 4564
172 4565
3291 4566
2924 4567
269 4568
3001 4569
666 4570
1211 4571
3234 4572
540 4573
1966 4574
2378 4575
3759 4576
2399 4577
2598 4578
3102 4579
3679 4580
820 4581
1597 4582
920 4583
3606 4584
1273 4585
1929 4586
1954 4587
493 4588
570 4589
3477 4590
3052 4591
989 4592
792 4593
1522 4594
375 4595
2394 4596
1384 4597
361 4598
2995 4599
1187 4600
2367 4601
1525 4602
3684 4603
3222 4604
973 4605
2671 4606
2986 4607
3913 4608
2215 4609
1545 4610
2145 4611
2775 4612
650 4613
2334 4614
2981 4615
503 4616
3005 4617
3849 4618
2906 4619
3123 4620
2230 4621
118 4622
3308 4623
440 4624
1375 4625
2199 4626
3667 4627
1033 4628
3706 4629
1496 4630
3481 4631
3193 4632
3779 4633
1845 4634
3422 4635
2776 4636
182 4637
1866 4638
1659 4639
2478 4640
2352 4641
874 4642
6 4643
3814 4644
1434 4645
1076 4646
3350 4647
3981 4648
2019 4649
3011 4650
424 4651
123 4652
1965 4653
677 4654
289 4655
112 4656
2092 4657
687 4658
2741 4659
2211 4660
138 4661
1263 4662
103 4663
1623 4664
1422 4665
1122 4666
2289 4667
1104 4668
3805 4669
3751 4670
1382 4671
2085 4672
1570 4673
499 4674
1911 4675
3477 4676
3179 4677
2150 4678
2771 4679
927 4680
1076 4681
2398 4682
50 4683
3212 4684
648 4685
1963 4686
692 4687
2576 4688
356 4689
3394 4690
2725 4691
273 4692
1534 4693
214 4694
1700 4695
3687 4696
1862 4697
2756 4698
1349 4699
133 4700
3181 4701
3278 4702
1331 4703
3542 4704
3939 4705
395 4706
3354 4707
3308 4708
1125 4709
796 4710
644 4711
405 4712
3479 4713
3522 4714
3138 4715
2063 4716
2541 4717
2766 4718
1101 4719
574 4720
2129 4721
633 4722
1485 4723
3355 4724
448 4725
2581 4726
3930 4727
2767 4728
1141 4729
1443 4730
3169 4731
352 4732
2571 4733
3079 4734
1962 4735
3531 4736
2077 4737
1369 4738
3032 4739
1267 4740
1904 4741
3774 4742
720 4743
3352 4744
1076 4745
3030 4746
1470 4747
3212 4748
3910 4749
3095 4750
2452 4751
1026 4752
2682 4753
1242 4754
852 4755
3848 4756
3895 4757
3348 4758
1871 4759
119 4760
2915 4761
712 4762
3823 4763
1736 4764
3169 4765
3770 4766
3155 4767
137 4768
1911 4769
3367 4770
2681 4771
3408 4772
3381 4773
756 4774
2337 4775
112 4776
3027 4777
1636 4778
3406 4779
2378 4780
411 4781
174 4782
1264 4783
421 4784
3367 4785
430 4786
161 4787
3937 4788
2284 4789
411 4790
2189 4791
3176 4792
1847 4793
2457 4794
117 4795
3590 4796
3094 4797
1648 4798
1909 4799
91 4800
2682 4801
92 4802
4 4803
46 4804
2811 4805
3398 4806
253 4807
1668 4808
3037 4809
3347 4810
2204 4811
2609 4812
3858 4813
2908 4814
1482 4815
495 4816
1313 4817
2238 4818
253 4819
1293 4820
485 4821
3186 4822
1434 4823
3241 4824
3449 4825
640 4826
828 4827
3169 4828
1394 4829
527 4830
2809 4831
295 4832
3405 4833
1152 4834
2211 4835
2515 4836
1611 4837
572 4838
813 4839
1181 4840
121 4841
843 4842
2926 4843
3211 4844
533 4845
2951 4846
2635 4847
3783 4848
2191 4849
3536 4850
2704 4851
149 4852
1996 4853
3233 4854
510 4855
1027 4856
1009 4857
2819 4858
1772 4859
1826 4860
2814 4861
3137 4862
327 4863
757 4864
1944 4865
2683 4866
1244 4867
2408 4868
3659 4869
831 4870
3480 4871
2914 4872
3376 4873
3796 4874
2606 4875
1277 4876
876 4877
2873 4878
1368 4879
1302 4880
1753 4881
1262 4882
1825 4883
992 4884
2313 4885
2865 4886
675 4887
1886 4888
1128 4889
3852 4890
1965 4891
401 4892
257 4893
652 4894
2055 4895
430 4896
3939 4897
3957 4898
1784 4899
1108 4900
2534 4901
245 4902
840 4903
1308 4904
1673 4905
2551 4906
3778 4907
626 4908
1021 4909
3992 4910
220 4911
2403 4912
296 4913
3487 4914
666 4915
2103 4916
3555 4917
1608 4918
1839 4919
2113 4920
3716 4921
1730 4922
2694 4923
3221 4924
323 4925
3770 4926
3937 4927
1370 4928
3575 4929
311 4930
2015 4931
1023 4932
2433 4933
263 4934
1827 4935
211 4936
428 4937
1210 4938
947 4939
1167 4940
2034 4941
78 4942
542 4943
3383 4944
3427 4945
1578 4946
3777 4947
1250 4948
2306 4949
2672 4950
268 4951
341 4952
464 4953
2508 4954
1216 4955
3478 4956
2541 4957
2098 4958
3036 4959
576 4960
1883 4961
3911 4962
857 4963
819 4964
2790 4965
2622 4966
2034 4967
110 4968
3137 4969
3014 4970
2888 4971
2303 4972
1139 4973
1346 4974
3877 4975
409 4976
1298 4977
505 4978
1216 4979
2760 4980
3310 4981
15 4982
3808 4983
1377 4984
2673 4985
308 4986
3524 4987
2782 4988
2598 4989
2459 4990
3073 4991
2920 4992
2904 4993
3758 4994
1966 4995
949 4996
2428 4997
736 4998
637 4999
1365 5000
2609 5001
35 5002
2347 5003
3688 5004
1254 5005
763 5006
1818 5007
3826 5008
1373 5009
2067 5010
2236 5011
3217 5012
240 5013
2511 5014
3732 5015
3438 5016
3121 5017
1153 5018
2647 5019
370 5020
1878 5021
895 5022
1817 5023
1148 5024
756 5025
2453 5026
2501 5027
2896 5028
1867 5029
1239 5030
1932 5031
2513 5032
2659 5033
410 5034
2338 5035
2770 5036
2229 5037
2211 5038
613 5039
3082 5040
429 5041
896 5042
3904 5043
230 5044
3695 5045
1782 5046
2895 5047
612 5048
2967 5049
59 5050
2820 5051
3901 5052
1925 5053
197 5054
457 5055
481 5056
2105 5057
3426 5058
1127 5059
394 5060
3324 5061
2441 5062
3335 5063
3498 5064
2719 5065
1105 5066
1078 5067
2022 5068
71 5069
2785 5070
2862 5071
2568 5072
3785 5073
1224 5074
1715 5075
3663 5076
3507 5077
1902 5078
1275 5079
1162 5080
1612 5081
714 5082
1010 5083
1893 5084
3516 5085
533 5086
3772 5087
2946 5088
2927 5089
2943 5090
2940 5091
203 5092
1173 5093
2176 5094
149 5095
3367 5096
1230 5097
2226 5098
3055 5099
1708 5100
2021 5101
2333 5102
1053 5103
1781 5104
538 5105
3347 5106
668 5107
2707 5108
2596 5109
3390 5110
3966 5111
2760 5112
2071 5113
1334 5114
1224 5115
1586 5116
2050 5117
3127 5118
2425 5119
3045 5120
508 5121
2098 5122
1612 5123
3644 5124
1953 5125
1187 5126
31 5127
881 5128
1943 5129
1635 5130
1493 5131
811 5132
1174 5133
383 5134
3257 5135
3928 5136
167 5137
1929 5138
36 5139
507 5140
651 5141
749 5142
417 5143
1415 5144
1600 5145
2503 5146
1903 5147
13 5148
2624 5149
2579 5150
3431 5151
1618 5152
3914 5153
357 5154
2015 5155
2757 5156
3429 5157
2202 5158
2989 5159
1136 5160
3458 5161
1870 5162
3120 5163
2412 5164
2626 5165
911 5166
3435 5167
1786 5168
856 5169
2930 5170
3059 5171
3535 5172
3984 5173
165 5174
2732 5175
1615 5176
303 5177
1637 5178
527 5179
3230 5180
29 5181
241 5182
3695 5183
2450 5184
1057 5185
3710 5186
988 5187
141 5188
2763 5189
1165 5190
2151 5191
171 5192
1848 5193
2458 5194
2631 5195
3542 5196
2097 5197
1877 5198
667 5199
3842 5200
1941 5201
2678 5202
1713 5203
2518 5204
3833 5205
2573 5206
1831 5207
2183 5208
2829 5209
3448 5210
3312 5211
2316 5212
449 5213
217 5214
473 5215
1965 5216
3623 5217
519 5218
2412 5219
3421 5220
1274 5221
1700 5222
1301 5223
2666 5224
2336 5225
3598 5226
227 5227
3794 5228
2540 5229
3226 5230
3153 5231
2457 5232
231 5233
1566 5234
2246 5235
440 5236
2672 5237
589 5238
58 5239
3352 5240
3905 5241
553 5242
2906 5243
607 5244
2068 5245
3220 5246
3373 5247
458 5248
3078 5249
1511 5250
1367 5251
476 5252
283 5253
1415 5254
3038 5255
406 5256
3618 5257
20 5258
844 5259
552 5260
1530 5261
3044 5262
2677 5263
2630 5264
149 5265
2352 5266
2873 5267
3614 5268
1596 5269
45 5270
2572 5271
297 5272
499 5273
94 5274
1300 5275
3233 5276
159 5277
3016 5278
3890 5279
3634 5280
3269 5281
3942 5282
3973 5283
3443 5284
2965 5285
3134 5286
3852 5287
887 5288
3238 5289
819 5290
2922 5291
1919 5292
3875 5293
2940 5294
1678 5295
306 5296
1895 5297
3093 5298
2548 5299
3536 5300
3398 5301
3989 5302
422 5303
3299 5304
428 5305
3584 5306
1383 5307
344 5308
1993 5309
286 5310
2642 5311
3372 5312
2285 5313
3436 5314
2782 5315
554 5316
3728 5317
2129 5318
2117 5319
2708 5320
3285 5321
3923 5322
2405 5323
3328 5324
1008 5325
203 5326
2950 5327
1765 5328
2982 5329
214 5330
1725 5331
3797 5332
1332 5333
685 5334
2544 5335
3278 5336
1587 5337
600 5338
1851 5339
3116 5340
3002 5341
1695 5342
1363 5343
3425 5344
3525 5345
3681 5346
2153 5347
1224 5348
372 5349
2888 5350
3794 5351
2646 5352
3159 5353
2556 5354
2436 5355
3698 5356
360 5357
2103 5358
2403 5359
3462 5360
1465 5361
2201 5362
2365 5363
1014 5364
2512 5365
2078 5366
1458 5367
2865 5368
112 5369
3085 5370
1368 5371
2214 5372
2779 5373
2353 5374
1374 5375
953 5376
469 5377
3501 5378
880 5379
2197 5380
394 5381
3115 5382
730 5383
2116 5384
2802 5385
1846 5386
432 5387
2973 5388
3220 5389
362 5390
302 5391
30 5392
712 5393
3144 5394
3163 5395
2523 5396
2818 5397
2862 5398
2804 5399
1493 5400
3756 5401
3046 5402
102 5403
3629 5404
2611 5405
1822 5406
2651 5407
1755 5408
3141 5409
248 5410
793 5411
475 5412
985 5413
963 5414
1895 5415
3175 5416
3472 5417
681 5418
2545 5419
427 5420
2106 5421
3146 5422
2798 5423
1204 5424
636 5425
1194 5426
2785 5427
2218 5428
3985 5429
2950 5430
2109 5431
3841 5432
46 5433
557 5434
1420 5435
1610 5436
1482 5437
1644 5438
1522 5439
1039 5440
1342 5441
874 5442
2925 5443
2079 5444
2729 5445
3798 5446
3839 5447
519 5448
2968 5449
2622 5450
431 5451
514 5452
1700 5453
3841 5454
1165 5455
2897 5456
3228 5457
1638 5458
1397 5459
3022 5460
2981 5461
399 5462
22 5463
925 5464
1054 5465
2825 5466
3732 5467
1893 5468
1769 5469
581 5470
3434 5471
3422 5472
487 5473
3467 5474
3347 5475
2828 5476
1443 5477
973 5478
1771 5479
3787 5480
1170 5481
987 5482
1714 5483
3018 5484
3609 5485
2582 5486
3025 5487
892 5488
3792 5489
3526 5490
2208 5491
877 5492
166 5493
1551 5494
7 5495
1939 5496
165 5497
353 5498
1412 5499
1541 5500
311 5501
1840 5502
2188 5503
624 5504
232 5505
3108 5506
1333 5507
2791 5508
3566 5509
753 5510
3251 5511
955 5512
967 5513
233 5514
290 5515
748 5516
2370 5517
2416 5518
356 5519
1918 5520
3873 5521
1809 5522
1322 5523
3984 5524
829 5525
432 5526
1720 5527
3945 5528
1610 5529
2015 5530
3109 5531
339 5532
2876 5533
1077 5534
1472 5535
3308 5536
3082 5537
3547 5538
1657 5539
3067 5540
2002 5541
2921 5542
959 5543
2944 5544
862 5545
113 5546
2022 5547
3535 5548
2214 5549
3609 5550
556 5551
3039 5552
630 5553
3503 5554
187 5555
2334 5556
1488 5557
3512 5558
3633 5559
2951 5560
3093 5561
3978 5562
670 5563
630 5564
1857 5565
3931 5566
1326 5567
2779 5568
3316 5569
3834 5570
1833 5571
1006 5572
1816 5573
1404 5574
3927 5575
546 5576
1599 5577
2745 5578
1511 5579
701 5580
3533 5581
3640 5582
1073 5583
1030 5584
3767 5585
3688 5586
1915 5587
2176 5588
2058 5589
2481 5590
1337 5591
1302 5592
2702 5593
10 5594
3449 5595
1783 5596
2412 5597
3724 5598
3678 5599
2981 5600
2062 5601
615 5602
2411 5603
520 5604
1767 5605
2420 5606
3074 5607
2728 5608
3539 5609
2314 5610
3629 5611
891 5612
416 5613
2741 5614
2013 5615
540 5616
3532 5617
3812 5618
657 5619
3549 5620
1840 5621
2242 5622
1082 5623
286 5624
766 5625
3015 5626
3068 5627
190 5628
328 5629
1295 5630
2039 5631
497 5632
2689 5633
2604 5634
2375 5635
1778 5636
1543 5637
1560 5638
1673 5639
2331 5640
2049 5641
2605 5642
1984 5643
3475 5644
3109 5645
3288 5646
598 5647
2088 5648
3486 5649
1387 5650
2534 5651
2750 5652
908 5653
2451 5654
3930 5655
2598 5656
1228 5657
3657 5658
3120 5659
2962 5660
314 5661
3628 5662
3811 5663
1319 5664
180 5665
879 5666
2215 5667
1972 5668
1761 5669
2703 5670
1652 5671
2371 5672
2577 5673
233 5674
1383 5675
2381 5676
3558 5677
2409 5678
2406 5679
1139 5680
2964 5681
3525 5682
3170 5683
1866 5684
1189 5685
139 5686
834 5687
1270 5688
2273 5689
2968 5690
3933 5691
1307 5692
1548 5693
3692 5694
2280 5695
1616 5696
527 5697
1818 5698
689 5699
2549 5700
3964 5701
1411 5702
2219 5703
966 5704
3884 5705
1413 5706
2444 5707
3793 5708
3403 5709
1680 5710
2131 5711
260 5712
151 5713
2170 5714
2925 5715
3242 5716
2308 5717
3860 5718
634 5719
1816 5720
2468 5721
3581 5722
2571 5723
1922 5724
1829 5725
1205 5726
1551 5727
660 5728
571 5729
2932 5730
3759 5731
3518 5732
2624 5733
923 5734
310 5735
3183 5736
3737 5737
3659 5738
213 5739
3685 5740
2907 5741
662 5742
3590 5743
964 5744
1773 5745
2099 5746
2895 5747
3014 5748
2352 5749
2613 5750
521 5751
82 5752
1085 5753
958 5754
3138 5755
527 5756
2957 5757
2032 5758
384 5759
3130 5760
927 5761
1029 5762
423 5763
1142 5764
373 5765
3999 5766
2140 5767
1956 5768
2752 5769
3618 5770
779 5771
1524 5772
2334 5773
1825 5774
486 5775
635 5776
3104 5777
918 5778
2447 5779
1573 5780
2801 5781
3382 5782
1272 5783
2860 5784
3316 5785
2628 5786
169 5787
2633 5788
589 5789
3557 5790
2658 5791
3883 5792
2755 5793
1748 5794
3650 5795
3942 5796
2308 5797
311 5798
583 5799
398 5800
2858 5801
1234 5802
2198 5803
100 5804
572 5805
3162 5806
1341 5807
528 5808
3960 5809
1068 5810
151 5811
335 5812
2063 5813
3295 5814
3088 5815
3279 5816
2290 5817
952 5818
3241 5819
1241 5820
3148 5821
1309 5822
607 5823
1646 5824
2064 5825
1867 5826
2375 5827
2230 5828
2452 5829
1515 5830
861 5831
724 5832
989 5833
2051 5834
3261 5835
158 5836
2206 5837
810 5838
1329 5839
2379 5840
2235 5841
3358 5842
845 5843
1742 5844
1011 5845
3769 5846
1751 5847
2178 5848
1054 5849
3424 5850
1130 5851
3910 5852
146 5853
3102 5854
2045 5855
3788 5856
1100 5857
689 5858
576 5859
3341 5860
2990 5861
484 5862
2087 5863
3327 5864
932 5865
445 5866
266 5867
1769 5868
747 5869
3191 5870
747 5871
725 5872
3603 5873
3890 5874
2106 5875
2023 5876
676 5877
1130 5878
2165 5879
270 5880
3360 5881
838 5882
1652 5883
2457 5884
3560 5885
3666 5886
3749 5887
3852 5888
2498 5889
3886 5890
1427 5891
3635 5892
3032 5893
1768 5894
3724 5895
2006 5896
3780 5897
1160 5898
3011 5899
2029 5900
171 5901
875 5902
243 5903
2582 5904
584 5905
1138 5906
2245 5907
2437 5908
2251 5909
1691 5910
3124 5911
3675 5912
577 5913
816 5914
3823 5915
954 5916
597 5917
2943 5918
3007 5919
23 5920
3895 5921
1963 5922
2377 5923
3729 5924
3388 5925
672 5926
1590 5927
3202 5928
871 5929
236 5930
497 5931
1524 5932
3847 5933
3180 5934
1585 5935
1301 5936
3936 5937
1637 5938
312 5939
2958 5940
2158 5941
212 5942
2235 5943
2384 5944
3848 5945
584 5946
162 5947
2800 5948
3553 5949
2863 5950
530 5951
3893 5952
2709 5953
1486 5954
842 5955
2031 5956
1794 5957
949 5958
2923 5959
1994 5960
3156 5961
2545 5962
764 5963
3396 5964
70 5965
3876 5966
3660 5967
1179 5968
805 5969
1522 5970
1625 5971
3658 5972
2679 5973
670 5974
1297 5975
566 5976
2397 5977
2965 5978
695 5979
2116 5980
725 5981
264 5982
2152 5983
2157 5984
739 5985
160 5986
510 5987
1204 5988
144 5989
2029 5990
244 5991
2104 5992
1363 5993
3328 5994
3820 5995
2277 5996
2064 5997
1178 5998
1710 5999
2384 6000
574 6001
995 6002
2705 6003
3330 6004
2094 6005
255 6006
159 6007
3028 6008
1992 6009
1311 6010
3412 6011
2813 6012
568 6013
276 6014
2055 6015
1224 6016
1257 6017
2217 6018
1036 6019
2473 6020
2800 6021
2098 6022
3033 6023
1425 6024
301 6025
2655 6026
3176 6027
2592 6028
2286 6029
3285 6030
861 6031
3259 6032
2708 6033
2623 6034
2344 6035
3326 6036
1305 6037
609 6038
1325 6039
3219 6040
946 6041
1645 6042
1346 6043
1828 6044
3698 6045
1402 6046
3544 6047
1837 6048
3152 6049
3026 6050
2814 6051
2550 6052
1514 6053
3018 6054
2818 6055
1727 6056
1321 6057
3895 6058
313 6059
2557 6060
3047 6061
2079 6062
130 6063
1252 6064
3982 6065
270 6066
70 6067
1253 6068
450 6069
586 6070
3650 6071
763 6072
2882 6073
521 6074
1960 6075
1120 6076
428 6077
1666 6078
3043 6079
3685 6080
1087 6081
481 6082
506 6083
3938 6084
1732 6085
1407 6086
1015 6087
2954 6088
1551 6089
1553 6090
2984 6091
3875 6092
1123 6093
191 6094
581 6095
3988 6096
1716 6097
2936 6098
147 6099
3744 6100
3825 6101
260 6102
3880 6103
3155 6104
737 6105
3322 6106
3760 6107
3674 6108
1997 6109
3540 6110
2096 6111
3095 6112
3038 6113
384 6114
745 6115
629 6116
3368 6117
792 6118
159 6119
921 6120
968 6121
2195 6122
3675 6123
2810 6124
2986 6125
701 6126
2701 6127
499 6128
1775 6129
2917 6130
342 6131
1686 6132
2348 6133
1686 6134
1573 6135
2531 6136
3222 6137
1032 6138
1216 6139
1497 6140
573 6141
1944 6142
1830 6143
268 6144
758 6145
3061 6146
2899 6147
1944 6148
190 6149
2684 6150
675 6151
1621 6152
2555 6153
1223 6154
2842 6155
2348 6156
3269 6157
1601 6158
3332 6159
456 6160
3333 6161
2109 6162
2392 6163
528 6164
477 6165
1832 6166
482 6167
1204 6168
1897 6169
3004 6170
1538 6171
2854 6172
2020 6173
1014 6174
2799 6175
2348 6176
1614 6177
3210 6178
1375 6179
691 6180
1196 6181
2581 6182
2571 6183
2150 6184
912 6185
3636 6186
3215 6187
1566 6188
1531 6189
1939 6190
432 6191
2172 6192
416 6193
8 6194
3073 6195
1205 6196
2987 6197
2882 6198
3175 6199
2126 6200
98 6201
1884 6202
2203 6203
2569 6204
363 6205
2102 6206
1137 6207
3582 6208
750 6209
357 6210
1015 6211
3469 6212
316 6213
2122 6214
3743 6215
2546 6216
1648 6217
2497 6218
3488 6219
1499 6220
3029 6221
1371 6222
1082 6223
598 6224
520 6225
2638 6226
1593 6227
3214 6228
191 6229
2539 6230
1340 6231
120 6232
2474 6233
3153 6234
662 6235
2953 6236
2553 6237
3008 6238
1333 6239
395 6240
319 6241
2864 6242
929 6243
367 6244
3637 6245
3235 6246
2439 6247
3492 6248
2914 6249
472 6250
3862 6251
1737 6252
409 6253
3841 6254
714 6255
1631 6256
2756 6257
696 6258
3432 6259
2307 6260
2720 6261
653 6262
553 6263
1723 6264
2984 6265
2659 6266
3098 6267
111 6268
1239 6269
3516 6270
3298 6271
1082 6272
2088 6273
3922 6274
966 6275
32 6276
2944 6277
3528 6278
2026 6279
1538 6280
2478 6281
1056 6282
2809 6283
3664 6284
1553 6285
974 6286
3879 6287
1503 6288
2780 6289
3404 6290
341 6291
2491 6292
2742 6293
3823 6294
1973 6295
3038 6296
3365 6297
315 6298
1966 6299
2402 6300
1995 6301
3859 6302
226 6303
883 6304
369 6305
2323 6306
2478 6307
137 6308
2180 6309
289 6310
3762 6311
3413 6312
349 6313
1345 6314
465 6315
153 6316
1733 6317
840 6318
251 6319
3389 6320
792 6321
1588 6322
1737 6323
1567 6324
1513 6325
2330 6326
1417 6327
3882 6328
199 6329
95 6330
924 6331
747 6332
1791 6333
715 6334
2267 6335
1376 6336
1250 6337
155 6338
2785 6339
1841 6340
521 6341
1558 6342
485 6343
3716 6344
3381 6345
2499 6346
1542 6347
1100 6348
1148 6349
1497 6350
1388 6351
2337 6352
2305 6353
2902 6354
2381 6355
2358 6356
290 6357
1204 6358
3053 6359
3175 6360
1848 6361
1881 6362
2666 6363
2321 6364
827 6365
1517 6366
1623 6367
615 6368
1668 6369
3410 6370
1478 6371
1634 6372
2231 6373
591 6374
2924 6375
3224 6376
1441 6377
3278 6378
1951 6379
2960 6380
2462 6381
2215 6382
3203 6383
3573 6384
1374 6385
604 6386
1926 6387
713 6388
3720 6389
390 6390
3401 6391
2780 6392
1216 6393
79 6394
1856 6395
1021 6396
3461 6397
3842 6398
1916 6399
1456 6400
1566 6401
3840 6402
2886 6403
2721 6404
343 6405
1557 6406
2926 6407
120 6408
6 6409
3274 6410
2342 6411
910 6412
499 6413
1947 6414
1960 6415
190 6416
1367 6417
780 6418
3071 6419
735 6420
1380 6421
1816 6422
869 6423
3665 6424
2053 6425
2699 6426
1896 6427
3607 6428
2215 6429
785 6430
818 6431
3236 6432
2969 6433
1101 6434
2538 6435
2104 6436
2512 6437
3374 6438
693 6439
2925 6440
334 6441
3679 6442
1633 6443
1453 6444
2244 6445
1630 6446
3811 6447
3463 6448
2965 6449
816 6450
2015 6451
1089 6452
1308 6453
1395 6454
2984 6455
208 6456
3889 6457
2579 6458
2921 6459
3558 6460
73 6461
1889 6462
3427 6463
1163 6464
444 6465
2145 6466
3767 6467
3343 6468
2858 6469
2179 6470
2311 6471
3870 6472
3456 6473
981 6474
2713 6475
2582 6476
375 6477
2647 6478
3260 6479
3765 6480
3391 6481
2767 6482
2925 6483
3159 6484
2170 6485
2717 6486
859 6487
1726 6488
2027 6489
1393 6490
3338 6491
146 6492
177 6493
380 6494
3189 6495
2316 6496
3407 6497
3525 6498
344 6499
3949 6500
3662 6501
1789 6502
2221 6503
3828 6504
484 6505
2036 6506
1205 6507
3312 6508
2039 6509
1133 6510
3930 6511
1651 6512
413 6513
1680 6514
2706 6515
3656 6516
1094 6517
1824 6518
262 6519
3878 6520
3388 6521
3948 6522
1524 6523
132 6524
1833 6525
1001 6526
2674 6527
3952 6528
2746 6529
1855 6530
1076 6531
763 6532
131 6533
2 6534
3215 6535
2775 6536
611 6537
3301 6538
3007 6539
1220 6540
233 6541
3370 6542
3334 6543
3847 6544
3415 6545
3741 6546
534 6547
2012 6548
1670 6549
2274 6550
2545 6551
1262 6552
2667 6553
812 6554
2127 6555
836 6556
344 6557
2639 6558
800 6559
734 6560
1734 6561
3352 6562
2738 6563
2880 6564
1937 6565
3068 6566
3509 6567
398 6568
36 6569
526 6570
2749 6571
3834 6572
727 6573
2389 6574
2568 6575
185 6576
2486 6577
733 6578
3553 6579
988 6580
1348 6581
1773 6582
3716 6583
3582 6584
2336 6585
1689 6586
227 6587
602 6588
103 6589
2936 6590
1608 6591
3199 6592
2650 6593
601 6594
2843 6595
421 6596
609 6597
2449 6598
2599 6599
2722 6600
1808 6601
3833 6602
2264 6603
3545 6604
1608 6605
438 6606
1384 6607
1907 6608
97 6609
2968 6610
3642 6611
3600 6612
808 6613
775 6614
3366 6615
2719 6616
484 6617
1115 6618
2711 6619
2796 6620
733 6621
3979 6622
3025 6623
58 6624
1854 6625
1480 6626
1175 6627
1298 6628
442 6629
2827 6630
940 6631
2714 6632
749 6633
3404 6634
2424 6635
2697 6636
3269 6637
3445 6638
2349 6639
2426 6640
2497 6641
1430 6642
2955 6643
352 6644
120 6645
954 6646
2977 6647
729 6648
1437 6649
922 6650
3668 6651
2277 6652
2786 6653
1072 6654
2565 6655
3128 6656
3483 6657
2703 6658
718 6659
142 6660
356 6661
1329 6662
1037 6663
1215 6664
229 6665
3025 6666
837 6667
1428 6668
3189 6669
90 6670
3457 6671
2264 6672
1245 6673
95 6674
378 6675
306 6676
2590 6677
2893 6678
3611 6679
2003 6680
374 6681
2078 6682
2691 6683
459 6684
3742 6685
2735 6686
394 6687
3937 6688
1752 6689
3348 6690
2728 6691
3682 6692
200 6693
1067 6694
3282 6695
1240 6696
1695 6697
3310 6698
3847 6699
2431 6700
544 6701
2733 6702
2282 6703
885 6704
445 6705
2075 6706
2000 6707
1553 6708
2913 6709
2696 6710
1757 6711
2645 6712
1780 6713
1615 6714
1642 6715
3014 6716
2010 6717
1936 6718
265 6719
3580 6720
189 6721
2561 6722
1964 6723
1365 6724
2284 6725
833 6726
1955 6727
1678 6728
3908 6729
1709 6730
1765 6731
3125 6732
974 6733
182 6734
1521 6735
857 6736
1513 6737
83 6738
1717 6739
2435 6740
714 6741
3379 6742
3951 6743
1097 6744
1153 6745
2165 6746
817 6747
1408 6748
3389 6749
1628 6750
3818 6751
401 6752
1331 6753
1085 6754
3619 6755
432 6756
1083 6757
1403 6758
3688 6759
2825 6760
1403 6761
1269 6762
3176 6763
2716 6764
3048 6765
765 6766
222 6767
3691 6768
2410 6769
2893 6770
3857 6771
2320 6772
1312 6773
2710 6774
152 6775
2740 6776
68 6777
1657 6778
3554 6779
2590 6780
2448 6781
3673 6782
1813 6783
1545 6784
3328 6785
2960 6786
1461 6787
378 6788
3994 6789
1 6790
3464 6791
1616 6792
2796 6793
1102 6794
1400 6795
2204 6796
3189 6797
2955 6798
89 6799
2771 6800
3943 6801
3346 6802
3019 6803
2369 6804
2187 6805
2905 6806
673 6807
1601 6808
1413 6809
1153 6810
1155 6811
75 6812
2073 6813
688 6814
594 6815
1868 6816
111 6817
129 6818
3690 6819
28 6820
2579 6821
3835 6822
1389 6823
1164 6824
480 6825
1919 6826
1725 6827
2846 6828
3358 6829
3974 6830
3177 6831
3354 6832
392 6833
651 6834
3308 6835
3998 6836
3283 6837
1860 6838
3411 6839
342 6840
1389 6841
1014 6842
3198 6843
396 6844
1922 6845
3273 6846
392 6847
866 6848
1381 6849
2298 6850
10 6851
3389 6852
397 6853
3025 6854
989 6855
3684 6856
1694 6857
1266 6858
1247 6859
2922 6860
3369 6861
1495 6862
3127 6863
2408 6864
3190 6865
3614 6866
796 6867
2414 6868
3169 6869
223 6870
1684 6871
2267 6872
3971 6873
3969 6874
2457 6875
1580 6876
1811 6877
3405 6878
96 6879
1905 6880
3692 6881
3074 6882
1629 6883
3334 6884
2097 6885
3979 6886
2305 6887
2337 6888
686 6889
2286 6890
2725 6891
1735 6892
736 6893
1639 6894
1004 6895
772 6896
1240 6897
341 6898
1059 6899
314 6900
412 6901
3090 6902
396 6903
857 6904
3215 6905
40 6906
1981 6907
209 6908
179 6909
2114 6910
642 6911
1764 6912
139 6913
129 6914
490 6915
3455 6916
3557 6917
2481 6918
3104 6919
2154 6920
1784 6921
3420 6922
3192 6923
382 6924
3435 6925
1276 6926
686 6927
2391 6928
3062 6929
534 6930
1641 6931
2954 6932
205 6933
5 6934
805 6935
1464 6936
1722 6937
3157 6938
1553 6939
355 6940
3465 6941
3346 6942
1622 6943
2625 6944
3595 6945
2432 6946
2042 6947
1135 6948
1587 6949
1836 6950
2436 6951
1576 6952
1861 6953
3010 6954
1952 6955
214 6956
1296 6957
960 6958
709 6959
2920 6960
185 6961
2731 6962
3126 6963
3844 6964
1434 6965
2497 6966
2822 6967
2847 6968
2635 6969
1007 6970
2463 6971
3883 6972
2272 6973
3492 6974
2980 6975
848 6976
2546 6977
2085 6978
2933 6979
2015 6980
2691 6981
1026 6982
2771 6983
3682 6984
3868 6985
1161 6986
1509 6987
2072 6988
921 6989
1690 6990
3963 6991
1888 6992
2216 6993
3835 6994
2065 6995
1523 6996
685 6997
2540 6998
2710 6999
1175 7000
3178 7001
413 7002
429 7003
2449 7004
2589 7005
927 7006
3315 7007
2363 7008
3722 7009
25 7010
2851 7011
1526 7012
3227 7013
1020 7014
2934 7015
193 7016
2533 7017
1113 7018
1871 7019
3659 7020
2765 7021
2449 7022
1686 7023
2694 7024
75 7025
45 7026
2979 7027
3549 7028
1934 7029
3792 7030
318 7031
1255 7032
352 7033
3497 7034
516 7035
3964 7036
1642 7037
13 7038
3277 7039
1575 7040
699 7041
484 7042
2219 7043
125 7044
325 7045
3235 7046
1333 7047
1773 7048
1129 7049
2170 7050
549 7051
3864 7052
1749 7053
3439 7054
2239 7055
451 7056
459 7057
1931 7058
660 7059
3275 7060
387 7061
2195 7062
2150 7063
536 7064
1235 7065
3514 7066
684 7067
1365 7068
47 7069
21 7070
3704 7071
767 7072
2060 7073
2063 7074
1431 7075
2523 7076
1737 7077
1534 7078
3032 7079
1421 7080
1775 7081
1237 7082
3793 7083
135 7084
2488 7085
539 7086
638 7087
1375 7088
143 7089
3356 7090
2636 7091
2308 7092
2646 7093
3071 7094
597 7095
1874 7096
1454 7097
1016 7098
2701 7099
3843 7100
882 7101
2207 7102
252 7103
2088 7104
773 7105
960 7106
2381 7107
3225 7108
1677 7109
532 7110
1447 7111
3082 7112
3136 7113
3280 7114
2585 7115
3711 7116
1758 7117
381 7118
3483 7119
321 7120
3679 7121
552 7122
1170 7123
2513 7124
1007 7125
3258 7126
1333 7127
764 7128
1942 7129
2155 7130
3534 7131
3151 7132
3389 7133
275 7134
1699 7135
1101 7136
2510 7137
673 7138
470 7139
991 7140
2523 7141
3759 7142
3881 7143
3339 7144
2882 7145
405 7146
646 7147
1321 7148
3728 7149
509 7150
2494 7151
1553 7152
2467 7153
1815 7154
2032 7155
313 7156
3924 7157
46 7158
3756 7159
2878 7160
3413 7161
1915 7162
2425 7163
2528 7164
2967 7165
3449 7166
3476 7167
308 7168
2096 7169
3064 7170
3066 7171
372 7172
2810 7173
726 7174
1991 7175
2649 7176
1535 7177
2474 7178
736 7179
1484 7180
1332 7181
1987 7182
1742 7183
281 7184
3684 7185
1809 7186
3724 7187
3621 7188
783 7189
2402 7190
547 7191
993 7192
658 7193
880 7194
2580 7195
3007 7196
1481 7197
1561 7198
3830 7199
1317 7200
3826 7201
2063 7202
3040 7203
2945 7204
3539 7205
2160 7206
3017 7207
3643 7208
927 7209
2489 7210
46 7211
1745 7212
597 7213
791 7214
3188 7215
1278 7216
3049 7217
3262 7218
1487 7219
2908 7220
199 7221
2046 7222
3810 7223
2829 7224
2550 7225
3698 7226
712 7227
2644 7228
953 7229
1499 7230
434 7231
3145 7232
3612 7233
429 7234
3538 7235
1773 7236
2637 7237
7 7238
1623 7239
1594 7240
2664 7241
3049 7242
1274 7243
671 7244
2776 7245
2881 7246
2680 7247
1035 7248
3131 7249
2503 7250
3297 7251
135 7252
645 7253
2378 7254
465 7255
3209 7256
199 7257
3850 7258
3037 7259
518 7260
337 7261
295 7262
1008 7263
680 7264
1142 7265
57 7266
2134 7267
480 7268
2960 7269
1890 7270
3289 7271
1182 7272
2436 7273
2050 7274
1386 7275
1855 7276
2055 7277
2665 7278
3650 7279
3910 7280
1504 7281
3154 7282
3401 7283
3822 7284
592 7285
782 7286
88 7287
3902 7288
335 7289
1950 7290
506 7291
734 7292
281 7293
1733 7294
696 7295
521 7296
1417 7297
1373 7298
3445 7299
2948 7300
2757 7301
1417 7302
918 7303
2958 7304
3706 7305
2987 7306
551 7307
1144 7308
9 7309
536 7310
2650 7311
2903 7312
1058 7313
3976 7314
17 7315
1208 7316
1136 7317
3858 7318
606 7319
1779 7320
1462 7321
1143 7322
3273 7323
3651 7324
2360 7325
2814 7326
2993 7327
373 7328
1212 7329
3168 7330
55 7331
3615 7332
3506 7333
1412 7334
3000 7335
1651 7336
19 7337
2190 7338
2745 7339
179 7340
2214 7341
564 7342
583 7343
1191 7344
3529 7345
3026 7346
95 7347
3630 7348
1069 7349
1118 7350
1836 7351
657 7352
2626 7353
2174 7354
1296 7355
3422 7356
310 7357
3448 7358
3749 7359
2579 7360
920 7361
298 7362
2051 7363
3641 7364
2082 7365
1915 7366
2373 7367
1396 7368
694 7369
2354 7370
1607 7371
856 7372
103 7373
806 7374
2547 7375
2590 7376
1659 7377
726 7378
860 7379
375 7380
1648 7381
1594 7382
3178 7383
3456 7384
189 7385
153 7386
504 7387
2454 7388
2331 7389
3068 7390
698 7391
3660 7392
3940 7393
1219 7394
259 7395
1979 7396
1818 7397
1879 7398
1766 7399
666 7400
1899 7401
703 7402
2587 7403
3630 7404
339 7405
3767 7406
2148 7407
2787 7408
1506 7409
2334 7410
3504 7411
60 7412
1984 7413
2766 7414
1152 7415
3271 7416
591 7417
2258 7418
2793 7419
1716 7420
3248 7421
3251 7422
3929 7423
8 7424
2216 7425
3987 7426
3005 7427
2605 7428
1444 7429
542 7430
258 7431
1644 7432
3578 7433
2365 7434
1563 7435
446 7436
978 7437
1165 7438
1187 7439
3647 7440
2438 7441
1168 7442
1955 7443
3556 7444
1958 7445
1027 7446
2934 7447
1838 7448
2814 7449
2959 7450
330 7451
1664 7452
1116 7453
1859 7454
650 7455
2958 7456
3308 7457
1186 7458
3354 7459
54 7460
1383 7461
2521 7462
3587 7463
3155 7464
2988 7465
2996 7466
1456 7467
271 7468
1773 7469
1938 7470
1816 7471
441 7472
1133 7473
150 7474
412 7475
3224 7476
3304 7477
287 7478
3283 7479
1535 7480
1620 7481
634 7482
1253 7483
3777 7484
2151 7485
3670 7486
3189 7487
2950 7488
249 7489
2072 7490
3106 7491
3583 7492
523 7493
721 7494
1071 7495
3894 7496
1160 7497
3853 7498
1154 7499
2634 7500
3403 7501
237 7502
2538 7503
3546 7504
2817 7505
2263 7506
2277 7507
2751 7508
2224 7509
139 7510
2080 7511
2911 7512
1849 7513
1722 7514
3968 7515
3327 7516
730 7517
2675 7518
993 7519
3833 7520
2454 7521
2430 7522
29 7523
3471 7524
3609 7525
2956 7526
2383 7527
734 7528
2743 7529
3790 7530
1049 7531
1782 7532
244 7533
1125 7534
2210 7535
1513 7536
2793 7537
2394 7538
2756 7539
1314 7540
614 7541
2160 7542
325 7543
2393 7544
883 7545
726 7546
2852 7547
3844 7548
3228 7549
2081 7550
631 7551
2095 7552
2348 7553
2874 7554
467 7555
2095 7556
2616 7557
3028 7558
3851 7559
1651 7560
2623 7561
3264 7562
3036 7563
2524 7564
2065 7565
2724 7566
3113 7567
1071 7568
2606 7569
425 7570
1954 7571
3881 7572
2992 7573
372 7574
138 7575
2579 7576
1420 7577
984 7578
1785 7579
3413 7580
341 7581
1546 7582
1791 7583
1167 7584
897 7585
2389 7586
2891 7587
2246 7588
3216 7589
3183 7590
1387 7591
2332 7592
2538 7593
2028 7594
212 7595
2692 7596
1865 7597
3761 7598
3109 7599
52 7600
183 7601
139 7602
1319 7603
443 7604
1880 7605
481 7606
759 7607
405 7608
235 7609
967 7610
615 7611
2077 7612
301 7613
3477 7614
2977 7615
2818 7616
2687 7617
792 7618
2350 7619
3581 7620
938 7621
3655 7622
1559 7623
802 7624
4000 7625
1432 7626
3946 7627
3605 7628
36 7629
3252 7630
3646 7631
1695 7632
460 7633
2152 7634
730 7635
481 7636
422 7637
3710 7638
1779 7639
1288 7640
345 7641
2443 7642
2229 7643
738 7644
1965 7645
1962 7646
3653 7647
3760 7648
1774 7649
1193 7650
2628 7651
1244 7652
77 7653
3587 7654
2518 7655
2796 7656
3367 7657
1198 7658
2339 7659
1912 7660
1898 7661
3125 7662
830 7663
2649 7664
1686 7665
1608 7666
805 7667
802 7668
224 7669
2962 7670
680 7671
980 7672
381 7673
12 7674
717 7675
2252 7676
348 7677
3537 7678
562 7679
575 7680
596 7681
2610 7682
1941 7683
2634 7684
3553 7685
874 7686
3537 7687
387 7688
9 7689
340 7690
1770 7691
1748 7692
1700 7693
3292 7694
651 7695
969 7696
3419 7697
787 7698
1198 7699
1703 7700
2288 7701
3591 7702
60 7703
2176 7704
2751 7705
2642 7706
3669 7707
3268 7708
2467 7709
722 7710
2642 7711
26 7712
603 7713
1817 7714
2313 7715
943 7716
3982 7717
2630 7718
1008 7719
590 7720
3374 7721
2708 7722
3046 7723
3506 7724
921 7725
881 7726
3919 7727
3352 7728
1765 7729
3569 7730
3998 7731
504 7732
2845 7733
932 7734
2104 7735
3444 7736
3175 7737
1830 7738
182 7739
2226 7740
1193 7741
2485 7742
107 7743
743 7744
3787 7745
2728 7746
1735 7747
3157 7748
2141 7749
3646 7750
1211 7751
3062 7752
2684 7753
2517 7754
2014 7755
2905 7756
2898 7757
700 7758
2096 7759
365 7760
2140 7761
1131 7762
3101 7763
1084 7764
752 7765
3537 7766
2884 7767
3994 7768
1918 7769
974 7770
88 7771
1821 7772
630 7773
3778 7774
134 7775
1999 7776
2986 7777
1318 7778
2936 7779
513 7780
1270 7781
1466 7782
2778 7783
2563 7784
2013 7785
2814 7786
2491 7787
3154 7788
1429 7789
2309 7790
2231 7791
753 7792
3271 7793
2247 7794
2834 7795
1275 7796
1328 7797
3638 7798
359 7799
1207 7800
555 7801
3539 7802
1186 7803
2541 7804
1042 7805
3234 7806
3947 7807
2777 7808
2818 7809
3931 7810
1380 7811
3742 7812
3999 7813
3778 7814
692 7815
1564 7816
1208 7817
3481 7818
1797 7819
484 7820
13 7821
1717 7822
2027 7823
3435 7824
430 7825
526 7826
2567 7827
3006 7828
3589 7829
2683 7830
3306 7831
1110 7832
2742 7833
285 7834
3550 7835
364 7836
2854 7837
699 7838
3425 7839
2862 7840
1210 7841
207 7842
2803 7843
2898 7844
194 7845
2558 7846
3059 7847
2410 7848
1430 7849
3693 7850
2756 7851
3384 7852
2303 7853
2610 7854
2774 7855
900 7856
1433 7857
3945 7858
866 7859
3693 7860
1175 7861
872 7862
3926 7863
1597 7864
3144 7865
1109 7866
3986 7867
1056 7868
953 7869
2774 7870
2802 7871
2517 7872
635 7873
2154 7874
141 7875
1061 7876
3110 7877
1462 7878
637 7879
3316 7880
382 7881
1762 7882
160 7883
3670 7884
117 7885
3429 7886
2878 7887
2116 7888
945 7889
3006 7890
3340 7891
1775 7892
2959 7893
1317 7894
2001 7895
2740 7896
1736 7897
737 7898
807 7899
945 7900
2387 7901
2204 7902
3428 7903
1879 7904
1644 7905
1076 7906
2137 7907
3264 7908
2163 7909
3058 7910
3003 7911
2211 7912
2616 7913
64 7914
1536 7915
3877 7916
502 7917
3063 7918
2636 7919
2386 7920
3869 7921
3351 7922
2029 7923
1485 7924
1204 7925
1882 7926
2435 7927
1252 7928
2110 7929
427 7930
3525 7931
3080 7932
3901 7933
3251 7934
3008 7935
1723 7936
1333 7937
3413 7938
2433 7939
171 7940
1234 7941
2971 7942
2388 7943
2590 7944
2156 7945
3343 7946
686 7947
334 7948
1130 7949
78 7950
3464 7951
727 7952
2725 7953
2682 7954
13 7955
2542 7956
2639 7957
3344 7958
3254 7959
21 7960
1331 7961
2106 7962
691 7963
300 7964
2398 7965
1093 7966
1902 7967
234 7968
574 7969
2133 7970
11 7971
2861 7972
1898 7973
2199 7974
3378 7975
430 7976
2179 7977
2871 7978
144 7979
3928 7980
2138 7981
564 7982
2362 7983
3258 7984
1042 7985
3537 7986
1107 7987
3995 7988
2150 7989
1229 7990
3601 7991
270 7992
78 7993
2229 7994
827 7995
2470 7996
3710 7997
2424 7998
53 7999
236 8000
2320 8001
2108 8002
3520 8003
2510 8004
356 8005
1263 8006
3675 8007
2042 8008
3332 8009
288 8010
2414 8011
2732 8012
589 8013
1519 8014
2217 8015
740 8016
427 8017
2051 8018
1097 8019
2844 8020
3555 8021
283 8022
2971 8023
2936 8024
1271 8025
2854 8026
1955 8027
1246 8028
3366 8029
86 8030
1759 8031
1192 8032
2834 8033
2738 8034
647 8035
1784 8036
38 8037
364 8038
568 8039
3915 8040
1112 8041
3603 8042
274 8043
2449 8044
2475 8045
1929 8046
3039 8047
2109 8048
3800 8049
3191 8050
2037 8051
3416 8052
3598 8053
160 8054
285 8055
58 8056
983 8057
2868 8058
2068 8059
3003 8060
1821 8061
1670 8062
2738 8063
1511 8064
3693 8065
1023 8066
2282 8067
1137 8068
3770 8069
148 8070
3537 8071
3177 8072
325 8073
2582 8074
2467 8075
1968 8076
1180 8077
1225 8078
1954 8079
940 8080
1857 8081
3991 8082
1952 8083
3063 8084
1485 8085
38 8086
2975 8087
1853 8088
3989 8089
2759 8090
662 8091
2214 8092
459 8093
3984 8094
1527 8095
1936 8096
1479 8097
1100 8098
3119 8099
2049 8100
72 8101
17 8102
3342 8103
1595 8104
789 8105
2898 8106
3240 8107
2737 8108
2089 8109
823 8110
3675 8111
217 8112
143 8113
618 8114
370 8115
2627 8116
2282 8117
2003 8118
200 8119
3176 8120
2681 8121
3079 8122
3505 8123
70 8124
1592 8125
283 8126
2550 8127
2156 8128
394 8129
95 8130
3519 8131
2257 8132
3158 8133
3049 8134
2935 8135
3882 8136
2704 8137
2288 8138
2346 8139
763 8140
1209 8141
1819 8142
338 8143
2797 8144
2441 8145
536 8146
1554 8147
1505 8148
3820 8149
2129 8150
3938 8151
3524 8152
1227 8153
1980 8154
3565 8155
3556 8156
461 8157
3505 8158
119 8159
2498 8160
3646 8161
578 8162
2882 8163
1288 8164
2638 8165
2310 8166
83 8167
1853 8168
2972 8169
2550 8170
3505 8171
1239 8172
245 8173
2525 8174
3662 8175
1712 8176
152 8177
41 8178
3274 8179
2588 8180
1788 8181
2471 8182
1747 8183
3801 8184
1108 8185
3982 8186
81 8187
680 8188
466 8189
2105 8190
2593 8191
3163 8192
3753 8193
1339 8194
1344 8195
2160 8196
2583 8197
2543 8198
2443 8199
3965 8200
2883 8201
3854 8202
3173 8203
2220 8204
1828 8205
5 8206
1721 8207
1865 8208
3683 8209
1029 8210
32 8211
2553 8212
3105 8213
3228 8214
612 8215
1550 8216
2651 8217
3365 8218
3494 8219
473 8220
3469 8221
219 8222
3294 8223
3295 8224
2549 8225
3380 8226
545 8227
3982 8228
3994 8229
2476 8230
2791 8231
1617 8232
3501 8233
3199 8234
845 8235
483 8236
2286 8237
2235 8238
473 8239
3105 8240
3058 8241
2228 8242
3069 8243
3875 8244
2083 8245
890 8246
3869 8247
492 8248
2889 8249
1545 8250
52 8251
991 8252
264 8253
2432 8254
820 8255
1141 8256
3945 8257
3924 8258
556 8259
3052 8260
3262 8261
1285 8262
2255 8263
1314 8264
3200 8265
880 8266
3219 8267
1827 8268
1339 8269
2407 8270
2999 8271
3615 8272
2541 8273
735 8274
361 8275
512 8276
3499 8277
2088 8278
3206 8279
3450 8280
772 8281
1538 8282
2435 8283
547 8284
1034 8285
3310 8286
1964 8287
357 8288
2862 8289
866 8290
2027 8291
3762 8292
3243 8293
130 8294
619 8295
2968 8296
134 8297
331 8298
2493 8299
3381 8300
1940 8301
3697 8302
731 8303
524 8304
477 8305
172 8306
2155 8307
216 8308
3520 8309
1742 8310
199 8311
3425 8312
726 8313
2424 8314
1594 8315
3245 8316
3195 8317
2638 8318
333 8319
2777 8320
299 8321
2632 8322
36 8323
1992 8324
489 8325
3851 8326
482 8327
1434 8328
3302 8329
1815 8330
372 8331
3456 8332
2432 8333
2497 8334
2988 8335
2832 8336
521 8337
2532 8338
2669 8339
3765 8340
778 8341
3380 8342
7 8343
2056 8344
1255 8345
3348 8346
1987 8347
2212 8348
2788 8349
3880 8350
3425 8351
2102 8352
3336 8353
13 8354
3935 8355
2644 8356
1409 8357
3272 8358
2334 8359
1137 8360
1481 8361
892 8362
1760 8363
1230 8364
2856 8365
2112 8366
3444 8367
1714 8368
2873 8369
3408 8370
1621 8371
956 8372
2065 8373
354 8374
1679 8375
2392 8376
2942 8377
1820 8378
3268 8379
2833 8380
3084 8381
485 8382
3086 8383
1447 8384
526 8385
3865 8386
3814 8387
417 8388
1946 8389
1665 8390
3781 8391
2980 8392
758 8393
3490 8394
2600 8395
2596 8396
2642 8397
2132 8398
889 8399
986 8400
1046 8401
1686 8402
2700 8403
2615 8404
3102 8405
2624 8406
2919 8407
121 8408
1379 8409
186 8410
3366 8411
1052 8412
2747 8413
2347 8414
1054 8415
1330 8416
2339 8417
2644 8418
1728 8419
1493 8420
2365 8421
3518 8422
320 8423
2204 8424
1301 8425
3601 8426
3574 8427
2476 8428
1224 8429
3527 8430
3236 8431
337 8432
1863 8433
2624 8434
3866 8435
3822 8436
2072 8437
439 8438
2711 8439
338 8440
3006 8441
852 8442
945 8443
3531 8444
2138 8445
1348 8446
3415 8447
2143 8448
3954 8449
2406 8450
2772 8451
2616 8452
3697 8453
2535 8454
2262 8455
992 8456
1518 8457
2353 8458
1328 8459
1582 8460
658 8461
2783 8462
2749 8463
1631 8464
3924 8465
308 8466
3815 8467
1449 8468
3015 8469
3725 8470
999 8471
11 8472
1272 8473
596 8474
173 8475
265 8476
3312 8477
1046 8478
2145 8479
1687 8480
3392 8481
503 8482
3243 8483
788 8484
2366 8485
1637 8486
2577 8487
633 8488
3434 8489
3402 8490
2015 8491
881 8492
3926 8493
838 8494
2348 8495
3372 8496
3910 8497
1660 8498
1210 8499
623 8500
2740 8501
2859 8502
3774 8503
3054 8504
1239 8505
1025 8506
1185 8507
732 8508
2949 8509
3755 8510
806 8511
3170 8512
3991 8513
1423 8514
941 8515
2798 8516
2956 8517
3422 8518
3351 8519
590 8520
1616 8521
4 8522
523 8523
3902 8524
1246 8525
3074 8526
3769 8527
1470 8528
3044 8529
1663 8530
989 8531
1800 8532
3910 8533
2202 8534
2917 8535
1248 8536
2982 8537
3042 8538
1622 8539
205 8540
1730 8541
1929 8542
845 8543
3975 8544
1630 8545
183 8546
3170 8547
3697 8548
516 8549
475 8550
2257 8551
1736 8552
2409 8553
3016 8554
2012 8555
1661 8556
1458 8557
93 8558
3403 8559
3712 8560
630 8561
2436 8562
822 8563
2621 8564
422 8565
2560 8566
3428 8567
2252 8568
650 8569
1921 8570
628 8571
1443 8572
2958 8573
1082 8574
829 8575
3054 8576
1501 8577
3701 8578
1969 8579
2786 8580
2253 8581
2597 8582
3623 8583
815 8584
2235 8585
124 8586
3609 8587
1429 8588
3864 8589
3710 8590
1227 8591
824 8592
2981 8593
629 8594
3118 8595
822 8596
2330 8597
1959 8598
963 8599
3895 8600
3405 8601
2533 8602
2083 8603
3303 8604
401 8605
3333 8606
447 8607
3841 8608
573 8609
658 8610
2116 8611
1164 8612
1071 8613
34 8614
129 8615
746 8616
2832 8617
617 8618
2412 8619
1806 8620
3162 8621
2957 8622
641 8623
1870 8624
2488 8625
25 8626
2252 8627
2394 8628
3852 8629
3637 8630
458 8631
2188 8632
22 8633
1814 8634
2603 8635
1824 8636
756 8637
3090 8638
2971 8639
870 8640
2661 8641
3639 8642
1121 8643
2485 8644
2803 8645
252 8646
39 8647
322 8648
944 8649
1080 8650
1787 8651
1649 8652
1279 8653
82 8654
3093 8655
3627 8656
855 8657
3704 8658
3642 8659
818 8660
1667 8661
2516 8662
3808 8663
241 8664
3054 8665
1532 8666
2772 8667
375 8668
2110 8669
1673 8670
2328 8671
2085 8672
2589 8673
522 8674
2769 8675
357 8676
1440 8677
3930 8678
3808 8679
3742 8680
929 8681
463 8682
3375 8683
2534 8684
3536 8685
245 8686
1454 8687
1975 8688
1098 8689
346 8690
1438 8691
901 8692
616 8693
1035 8694
2191 8695
2574 8696
1596 8697
287 8698
2981 8699
3347 8700
1783 8701
3922 8702
800 8703
839 8704
2030 8705
789 8706
2044 8707
485 8708
670 8709
964 8710
1941 8711
615 8712
2157 8713
2552 8714
2479 8715
2900 8716
180 8717
126 8718
3414 8719
2969 8720
2010 8721
999 8722
226 8723
2172 8724
3234 8725
545 8726
3741 8727
3117 8728
3592 8729
3047 8730
1287 8731
3389 8732
487 8733
53 8734
2553 8735
3123 8736
3199 8737
2751 8738
969 8739
2525 8740
341 8741
929 8742
2830 8743
1188 8744
2844 8745
3193 8746
2981 8747
3140 8748
691 8749
853 8750
83 8751
538 8752
3694 8753
7 8754
1164 8755
3486 8756
3449 8757
384 8758
1875 8759
1203 8760
3226 8761
2844 8762
3554 8763
2941 8764
631 8765
1338 8766
2572 8767
3570 8768
88 8769
1551 8770
2 8771
1460 8772
2766 8773
3387 8774
755 8775
350 8776
3444 8777
1372 8778
2423 8779
1437 8780
3637 8781
3234 8782
622 8783
2017 8784
3567 8785
1315 8786
3844 8787
2420 8788
1654 8789
3567 8790
1433 8791
43 8792
1531 8793
1542 8794
3614 8795
3930 8796
1550 8797
425 8798
2497 8799
2988 8800
770 8801
1935 8802
173 8803
3763 8804
2416 8805
1113 8806
1580 8807
3165 8808
799 8809
2600 8810
2159 8811
1000 8812
3587 8813
2829 8814
2383 8815
919 8816
355 8817
929 8818
1364 8819
3878 8820
3168 8821
3862 8822
3606 8823
1018 8824
82 8825
2606 8826
3267 8827
3613 8828
2740 8829
714 8830
320 8831
2056 8832
2628 8833
710 8834
3411 8835
2465 8836
1924 8837
99 8838
1056 8839
1800 8840
1988 8841
2757 8842
3507 8843
3597 8844
36 8845
2110 8846
1534 8847
2628 8848
1332 8849
1226 8850
1091 8851
3483 8852
1471 8853
2717 8854
1939 8855
619 8856
1767 8857
794 8858
2584 8859
1197 8860
2930 8861
2822 8862
689 8863
2095 8864
2822 8865
284 8866
220 8867
2087 8868
3153 8869
2017 8870
57 8871
136 8872
172 8873
2555 8874
523 8875
1715 8876
3872 8877
3838 8878
130 8879
399 8880
3082 8881
1415 8882
1592 8883
2652 8884
507 8885
3564 8886
3865 8887
3044 8888
2019 8889
3539 8890
1606 8891
3987 8892
2703 8893
579 8894
3067 8895
3368 8896
592 8897
665 8898
3536 8899
1709 8900
2591 8901
3291 8902
573 8903
3620 8904
1822 8905
2770 8906
3233 8907
1634 8908
448 8909
3379 8910
581 8911
3201 8912
2731 8913
1534 8914
476 8915
1360 8916
3613 8917
2284 8918
1934 8919
3597 8920
2349 8921
2498 8922
3413 8923
2006 8924
2644 8925
2731 8926
807 8927
1244 8928
491 8929
1925 8930
566 8931
3130 8932
3190 8933
3258 8934
3413 8935
2181 8936
2722 8937
82 8938
1468 8939
3427 8940
3275 8941
1159 8942
2413 8943
3105 8944
2721 8945
921 8946
1783 8947
2304 8948
3820 8949
3971 8950
3514 8951
2991 8952
3277 8953
1998 8954
2285 8955
3839 8956
2727 8957
1540 8958
381 8959
499 8960
2846 8961
968 8962
3255 8963
3478 8964
831 8965
4 8966
2344 8967
82 8968
1664 8969
3395 8970
2723 8971
2654 8972
2793 8973
512 8974
3811 8975
1591 8976
2036 8977
3582 8978
1361 8979
2739 8980
3088 8981
2170 8982
935 8983
3346 8984
3404 8985
2430 8986
470 8987
2326 8988
3858 8989
1720 8990
613 8991
84 8992
530 8993
1066 8994
1051 8995
3370 8996
2785 8997
3298 8998
416 8999
3764 9000
