10000
1 2
2 3
3 4
4 5
5 6
6 7
7 8
8 9
9 10
10 11
11 12
12 13
13 14
14 15
15 16
16 17
17 18
18 19
19 20
20 21
21 22
22 23
23 24
24 25
25 26
26 27
27 28
28 29
29 30
30 31
31 32
32 33
33 34
34 35
35 36
36 37
37 38
38 39
39 40
40 41
41 42
42 43
43 44
44 45
45 46
46 47
47 48
48 49
49 50
50 51
51 52
52 53
53 54
54 55
55 56
56 57
57 58
58 59
59 60
60 61
61 62
62 63
63 64
64 65
65 66
66 67
67 68
68 69
69 70
70 71
71 72
72 73
73 74
74 75
75 76
76 77
77 78
78 79
79 80
80 81
81 82
82 83
83 84
84 85
85 86
86 87
87 88
88 89
89 90
90 91
91 92
92 93
93 94
94 95
95 96
96 97
97 98
98 99
99 100
100 101
101 102
102 103
103 104
104 105
105 106
106 107
107 108
108 109
109 110
110 111
111 112
112 113
113 114
114 115
115 116
116 117
117 118
118 119
119 120
120 121
121 122
122 123
123 124
124 125
125 126
126 127
127 128
128 129
129 130
130 131
131 132
132 133
133 134
134 135
135 136
136 137
137 138
138 139
139 140
140 141
141 142
142 143
143 144
144 145
145 146
146 147
147 148
148 149
149 150
150 151
151 152
152 153
153 154
154 155
155 156
156 157
157 158
158 159
159 160
160 161
161 162
162 163
163 164
164 165
165 166
166 167
167 168
168 169
169 170
170 171
171 172
172 173
173 174
174 175
175 176
176 177
177 178
178 179
179 180
180 181
181 182
182 183
183 184
184 185
185 186
186 187
187 188
188 189
189 190
190 191
191 192
192 193
193 194
194 195
195 196
196 197
197 198
198 199
199 200
200 201
201 202
202 203
203 204
204 205
205 206
206 207
207 208
208 209
209 210
210 211
211 212
212 213
213 214
214 215
215 216
216 217
217 218
218 219
219 220
220 221
221 222
222 223
223 224
224 225
225 226
226 227
227 228
228 229
229 230
230 231
231 232
232 233
233 234
234 235
235 236
236 237
237 238
238 239
239 240
240 241
241 242
242 243
243 244
244 245
245 246
246 247
247 248
248 249
249 250
250 251
251 252
252 253
253 254
254 255
255 256
256 257
257 258
258 259
259 260
260 261
261 262
262 263
263 264
264 265
265 266
266 267
267 268
268 269
269 270
270 271
271 272
272 273
273 274
274 275
275 276
276 277
277 278
278 279
279 280
280 281
281 282
282 283
283 284
284 285
285 286
286 287
287 288
288 289
289 290
290 291
291 292
292 293
293 294
294 295
295 296
296 297
297 298
298 299
299 300
300 301
301 302
302 303
303 304
304 305
305 306
306 307
307 308
308 309
309 310
310 311
311 312
312 313
313 314
314 315
315 316
316 317
317 318
318 319
319 320
320 321
321 322
322 323
323 324
324 325
325 326
326 327
327 328
328 329
329 330
330 331
331 332
332 333
333 334
334 335
335 336
336 337
337 338
338 339
339 340
340 341
341 342
342 343
343 344
344 345
345 346
346 347
347 348
348 349
349 350
350 351
351 352
352 353
353 354
354 355
355 356
356 357
357 358
358 359
359 360
360 361
361 362
362 363
363 364
364 365
365 366
366 367
367 368
368 369
369 370
370 371
371 372
372 373
373 374
374 375
375 376
376 377
377 378
378 379
379 380
380 381
381 382
382 383
383 384
384 385
385 386
386 387
387 388
388 389
389 390
390 391
391 392
392 393
393 394
394 395
395 396
396 397
397 398
398 399
399 400
400 401
401 402
402 403
403 404
404 405
405 406
406 407
407 408
408 409
409 410
410 411
411 412
412 413
413 414
414 415
415 416
416 417
417 418
418 419
419 420
420 421
421 422
422 423
423 424
424 425
425 426
426 427
427 428
428 429
429 430
430 431
431 432
432 433
433 434
434 435
435 436
436 437
437 438
438 439
439 440
440 441
441 442
442 443
443 444
444 445
445 446
446 447
447 448
448 449
449 450
450 451
451 452
452 453
453 454
454 455
455 456
456 457
457 458
458 459
459 460
460 461
461 462
462 463
463 464
464 465
465 466
466 467
467 468
468 469
469 470
470 471
471 472
472 473
473 474
474 475
475 476
476 477
477 478
478 479
479 480
480 481
481 482
482 483
483 484
484 485
485 486
486 487
487 488
488 489
489 490
490 491
491 492
492 493
493 494
494 495
495 496
496 497
497 498
498 499
499 500
500 501
501 502
502 503
503 504
504 505
505 506
506 507
507 508
508 509
509 510
510 511
511 512
512 513
513 514
514 515
515 516
516 517
517 518
518 519
519 520
520 521
521 522
522 523
523 524
524 525
525 526
526 527
527 528
528 529
529 530
530 531
531 532
532 533
533 534
534 535
535 536
536 537
537 538
538 539
539 540
540 541
541 542
542 543
543 544
544 545
545 546
546 547
547 548
548 549
549 550
550 551
551 552
552 553
553 554
554 555
555 556
556 557
557 558
558 559
559 560
560 561
561 562
562 563
563 564
564 565
565 566
566 567
567 568
568 569
569 570
570 571
571 572
572 573
573 574
574 575
575 576
576 577
577 578
578 579
579 580
580 581
581 582
582 583
583 584
584 585
585 586
586 587
587 588
588 589
589 590
590 591
591 592
592 593
593 594
594 595
595 596
596 597
597 598
598 599
599 600
600 601
601 602
602 603
603 604
604 605
605 606
606 607
607 608
608 609
609 610
610 611
611 612
612 613
613 614
614 615
615 616
616 617
617 618
618 619
619 620
620 621
621 622
622 623
623 624
624 625
625 626
626 627
627 628
628 629
629 630
630 631
631 632
632 633
633 634
634 635
635 636
636 637
637 638
638 639
639 640
640 641
641 642
642 643
643 644
644 645
645 646
646 647
647 648
648 649
649 650
650 651
651 652
652 653
653 654
654 655
655 656
656 657
657 658
658 659
659 660
660 661
661 662
662 663
663 664
664 665
665 666
666 667
667 668
668 669
669 670
670 671
671 672
672 673
673 674
674 675
675 676
676 677
677 678
678 679
679 680
680 681
681 682
682 683
683 684
684 685
685 686
686 687
687 688
688 689
689 690
690 691
691 692
692 693
693 694
694 695
695 696
696 697
697 698
698 699
699 700
700 701
701 702
702 703
703 704
704 705
705 706
706 707
707 708
708 709
709 710
710 711
711 712
712 713
713 714
714 715
715 716
716 717
717 718
718 719
719 720
720 721
721 722
722 723
723 724
724 725
725 726
726 727
727 728
728 729
729 730
730 731
731 732
732 733
733 734
734 735
735 736
736 737
737 738
738 739
739 740
740 741
741 742
742 743
743 744
744 745
745 746
746 747
747 748
748 749
749 750
750 751
751 752
752 753
753 754
754 755
755 756
756 757
757 758
758 759
759 760
760 761
761 762
762 763
763 764
764 765
765 766
766 767
767 768
768 769
769 770
770 771
771 772
772 773
773 774
774 775
775 776
776 777
777 778
778 779
779 780
780 781
781 782
782 783
783 784
784 785
785 786
786 787
787 788
788 789
789 790
790 791
791 792
792 793
793 794
794 795
795 796
796 797
797 798
798 799
799 800
800 801
801 802
802 803
803 804
804 805
805 806
806 807
807 808
808 809
809 810
810 811
811 812
812 813
813 814
814 815
815 816
816 817
817 818
818 819
819 820
820 821
821 822
822 823
823 824
824 825
825 826
826 827
827 828
828 829
829 830
830 831
831 832
832 833
833 834
834 835
835 836
836 837
837 838
838 839
839 840
840 841
841 842
842 843
843 844
844 845
845 846
846 847
847 848
848 849
849 850
850 851
851 852
852 853
853 854
854 855
855 856
856 857
857 858
858 859
859 860
860 861
861 862
862 863
863 864
864 865
865 866
866 867
867 868
868 869
869 870
870 871
871 872
872 873
873 874
874 875
875 876
876 877
877 878
878 879
879 880
880 881
881 882
882 883
883 884
884 885
885 886
886 887
887 888
888 889
889 890
890 891
891 892
892 893
893 894
894 895
895 896
896 897
897 898
898 899
899 900
900 901
901 902
902 903
903 904
904 905
905 906
906 907
907 908
908 909
909 910
910 911
911 912
912 913
913 914
914 915
915 916
916 917
917 918
918 919
919 920
920 921
921 922
922 923
923 924
924 925
925 926
926 927
927 928
928 929
929 930
930 931
931 932
932 933
933 934
934 935
935 936
936 937
937 938
938 939
939 940
940 941
941 942
942 943
943 944
944 945
945 946
946 947
947 948
948 949
949 950
950 951
951 952
952 953
953 954
954 955
955 956
956 957
957 958
958 959
959 960
960 961
961 962
962 963
963 964
964 965
965 966
966 967
967 968
968 969
969 970
970 971
971 972
972 973
973 974
974 975
975 976
976 977
977 978
978 979
979 980
980 981
981 982
982 983
983 984
984 985
985 986
986 987
987 988
988 989
989 990
990 991
991 992
992 993
993 994
994 995
995 996
996 997
997 998
998 999
999 1000
1000 1001
1001 1002
1002 1003
1003 1004
1004 1005
1005 1006
1006 1007
1007 1008
1008 1009
1009 1010
1010 1011
1011 1012
1012 1013
1013 1014
1014 1015
1015 1016
1016 1017
1017 1018
1018 1019
1019 1020
1020 1021
1021 1022
1022 1023
1023 1024
1024 1025
1025 1026
1026 1027
1027 1028
1028 1029
1029 1030
1030 1031
1031 1032
1032 1033
1033 1034
1034 1035
1035 1036
1036 1037
1037 1038
1038 1039
1039 1040
1040 1041
1041 1042
1042 1043
1043 1044
1044 1045
1045 1046
1046 1047
1047 1048
1048 1049
1049 1050
1050 1051
1051 1052
1052 1053
1053 1054
1054 1055
1055 1056
1056 1057
1057 1058
1058 1059
1059 1060
1060 1061
1061 1062
1062 1063
1063 1064
1064 1065
1065 1066
1066 1067
1067 1068
1068 1069
1069 1070
1070 1071
1071 1072
1072 1073
1073 1074
1074 1075
1075 1076
1076 1077
1077 1078
1078 1079
1079 1080
1080 1081
1081 1082
1082 1083
1083 1084
1084 1085
1085 1086
1086 1087
1087 1088
1088 1089
1089 1090
1090 1091
1091 1092
1092 1093
1093 1094
1094 1095
1095 1096
1096 1097
1097 1098
1098 1099
1099 1100
1100 1101
1101 1102
1102 1103
1103 1104
1104 1105
1105 1106
1106 1107
1107 1108
1108 1109
1109 1110
1110 1111
1111 1112
1112 1113
1113 1114
1114 1115
1115 1116
1116 1117
1117 1118
1118 1119
1119 1120
1120 1121
1121 1122
1122 1123
1123 1124
1124 1125
1125 1126
1126 1127
1127 1128
1128 1129
1129 1130
1130 1131
1131 1132
1132 1133
1133 1134
1134 1135
1135 1136
1136 1137
1137 1138
1138 1139
1139 1140
1140 1141
1141 1142
1142 1143
1143 1144
1144 1145
1145 1146
1146 1147
1147 1148
1148 1149
1149 1150
1150 1151
1151 1152
1152 1153
1153 1154
1154 1155
1155 1156
1156 1157
1157 1158
1158 1159
1159 1160
1160 1161
1161 1162
1162 1163
1163 1164
1164 1165
1165 1166
1166 1167
1167 1168
1168 1169
1169 1170
1170 1171
1171 1172
1172 1173
1173 1174
1174 1175
1175 1176
1176 1177
1177 1178
1178 1179
1179 1180
1180 1181
1181 1182
1182 1183
1183 1184
1184 1185
1185 1186
1186 1187
1187 1188
1188 1189
1189 1190
1190 1191
1191 1192
1192 1193
1193 1194
1194 1195
1195 1196
1196 1197
1197 1198
1198 1199
1199 1200
1200 1201
1201 1202
1202 1203
1203 1204
1204 1205
1205 1206
1206 1207
1207 1208
1208 1209
1209 1210
1210 1211
1211 1212
1212 1213
1213 1214
1214 1215
1215 1216
1216 1217
1217 1218
1218 1219
1219 1220
1220 1221
1221 1222
1222 1223
1223 1224
1224 1225
1225 1226
1226 1227
1227 1228
1228 1229
1229 1230
1230 1231
1231 1232
1232 1233
1233 1234
1234 1235
1235 1236
1236 1237
1237 1238
1238 1239
1239 1240
1240 1241
1241 1242
1242 1243
1243 1244
1244 1245
1245 1246
1246 1247
1247 1248
1248 1249
1249 1250
1250 1251
1251 1252
1252 1253
1253 1254
1254 1255
1255 1256
1256 1257
1257 1258
1258 1259
1259 1260
1260 1261
1261 1262
1262 1263
1263 1264
1264 1265
1265 1266
1266 1267
1267 1268
1268 1269
1269 1270
1270 1271
1271 1272
1272 1273
1273 1274
1274 1275
1275 1276
1276 1277
1277 1278
1278 1279
1279 1280
1280 1281
1281 1282
1282 1283
1283 1284
1284 1285
1285 1286
1286 1287
1287 1288
1288 1289
1289 1290
1290 1291
1291 1292
1292 1293
1293 1294
1294 1295
1295 1296
1296 1297
1297 1298
1298 1299
1299 1300
1300 1301
1301 1302
1302 1303
1303 1304
1304 1305
1305 1306
1306 1307
1307 1308
1308 1309
1309 1310
1310 1311
1311 1312
1312 1313
1313 1314
1314 1315
1315 1316
1316 1317
1317 1318
1318 1319
1319 1320
1320 1321
1321 1322
1322 1323
1323 1324
1324 1325
1325 1326
1326 1327
1327 1328
1328 1329
1329 1330
1330 1331
1331 1332
1332 1333
1333 1334
1334 1335
1335 1336
1336 1337
1337 1338
1338 1339
1339 1340
1340 1341
1341 1342
1342 1343
1343 1344
1344 1345
1345 1346
1346 1347
1347 1348
1348 1349
1349 1350
1350 1351
1351 1352
1352 1353
1353 1354
1354 1355
1355 1356
1356 1357
1357 1358
1358 1359
1359 1360
1360 1361
1361 1362
1362 1363
1363 1364
1364 1365
1365 1366
1366 1367
1367 1368
1368 1369
1369 1370
1370 1371
1371 1372
1372 1373
1373 1374
1374 1375
1375 1376
1376 1377
1377 1378
1378 1379
1379 1380
1380 1381
1381 1382
1382 1383
1383 1384
1384 1385
1385 1386
1386 1387
1387 1388
1388 1389
1389 1390
1390 1391
1391 1392
1392 1393
1393 1394
1394 1395
1395 1396
1396 1397
1397 1398
1398 1399
1399 1400
1400 1401
1401 1402
1402 1403
1403 1404
1404 1405
1405 1406
1406 1407
1407 1408
1408 1409
1409 1410
1410 1411
1411 1412
1412 1413
1413 1414
1414 1415
1415 1416
1416 1417
1417 1418
1418 1419
1419 1420
1420 1421
1421 1422
1422 1423
1423 1424
1424 1425
1425 1426
1426 1427
1427 1428
1428 1429
1429 1430
1430 1431
1431 1432
1432 1433
1433 1434
1434 1435
1435 1436
1436 1437
1437 1438
1438 1439
1439 1440
1440 1441
1441 1442
1442 1443
1443 1444
1444 1445
1445 1446
1446 1447
1447 1448
1448 1449
1449 1450
1450 1451
1451 1452
1452 1453
1453 1454
1454 1455
1455 1456
1456 1457
1457 1458
1458 1459
1459 1460
1460 1461
1461 1462
1462 1463
1463 1464
1464 1465
1465 1466
1466 1467
1467 1468
1468 1469
1469 1470
1470 1471
1471 1472
1472 1473
1473 1474
1474 1475
1475 1476
1476 1477
1477 1478
1478 1479
1479 1480
1480 1481
1481 1482
1482 1483
1483 1484
1484 1485
1485 1486
1486 1487
1487 1488
1488 1489
1489 1490
1490 1491
1491 1492
1492 1493
1493 1494
1494 1495
1495 1496
1496 1497
1497 1498
1498 1499
1499 1500
1500 1501
1501 1502
1502 1503
1503 1504
1504 1505
1505 1506
1506 1507
1507 1508
1508 1509
1509 1510
1510 1511
1511 1512
1512 1513
1513 1514
1514 1515
1515 1516
1516 1517
1517 1518
1518 1519
1519 1520
1520 1521
1521 1522
1522 1523
1523 1524
1524 1525
1525 1526
1526 1527
1527 1528
1528 1529
1529 1530
1530 1531
1531 1532
1532 1533
1533 1534
1534 1535
1535 1536
1536 1537
1537 1538
1538 1539
1539 1540
1540 1541
1541 1542
1542 1543
1543 1544
1544 1545
1545 1546
1546 1547
1547 1548
1548 1549
1549 1550
1550 1551
1551 1552
1552 1553
1553 1554
1554 1555
1555 1556
1556 1557
1557 1558
1558 1559
1559 1560
1560 1561
1561 1562
1562 1563
1563 1564
1564 1565
1565 1566
1566 1567
1567 1568
1568 1569
1569 1570
1570 1571
1571 1572
1572 1573
1573 1574
1574 1575
1575 1576
1576 1577
1577 1578
1578 1579
1579 1580
1580 1581
1581 1582
1582 1583
1583 1584
1584 1585
1585 1586
1586 1587
1587 1588
1588 1589
1589 1590
1590 1591
1591 1592
1592 1593
1593 1594
1594 1595
1595 1596
1596 1597
1597 1598
1598 1599
1599 1600
1600 1601
1601 1602
1602 1603
1603 1604
1604 1605
1605 1606
1606 1607
1607 1608
1608 1609
1609 1610
1610 1611
1611 1612
1612 1613
1613 1614
1614 1615
1615 1616
1616 1617
1617 1618
1618 1619
1619 1620
1620 1621
1621 1622
1622 1623
1623 1624
1624 1625
1625 1626
1626 1627
1627 1628
1628 1629
1629 1630
1630 1631
1631 1632
1632 1633
1633 1634
1634 1635
1635 1636
1636 1637
1637 1638
1638 1639
1639 1640
1640 1641
1641 1642
1642 1643
1643 1644
1644 1645
1645 1646
1646 1647
1647 1648
1648 1649
1649 1650
1650 1651
1651 1652
1652 1653
1653 1654
1654 1655
1655 1656
1656 1657
1657 1658
1658 1659
1659 1660
1660 1661
1661 1662
1662 1663
1663 1664
1664 1665
1665 1666
1666 1667
1667 1668
1668 1669
1669 1670
1670 1671
1671 1672
1672 1673
1673 1674
1674 1675
1675 1676
1676 1677
1677 1678
1678 1679
1679 1680
1680 1681
1681 1682
1682 1683
1683 1684
1684 1685
1685 1686
1686 1687
1687 1688
1688 1689
1689 1690
1690 1691
1691 1692
1692 1693
1693 1694
1694 1695
1695 1696
1696 1697
1697 1698
1698 1699
1699 1700
1700 1701
1701 1702
1702 1703
1703 1704
1704 1705
1705 1706
1706 1707
1707 1708
1708 1709
1709 1710
1710 1711
1711 1712
1712 1713
1713 1714
1714 1715
1715 1716
1716 1717
1717 1718
1718 1719
1719 1720
1720 1721
1721 1722
1722 1723
1723 1724
1724 1725
1725 1726
1726 1727
1727 1728
1728 1729
1729 1730
1730 1731
1731 1732
1732 1733
1733 1734
1734 1735
1735 1736
1736 1737
1737 1738
1738 1739
1739 1740
1740 1741
1741 1742
1742 1743
1743 1744
1744 1745
1745 1746
1746 1747
1747 1748
1748 1749
1749 1750
1750 1751
1751 1752
1752 1753
1753 1754
1754 1755
1755 1756
1756 1757
1757 1758
1758 1759
1759 1760
1760 1761
1761 1762
1762 1763
1763 1764
1764 1765
1765 1766
1766 1767
1767 1768
1768 1769
1769 1770
1770 1771
1771 1772
1772 1773
1773 1774
1774 1775
1775 1776
1776 1777
1777 1778
1778 1779
1779 1780
1780 1781
1781 1782
1782 1783
1783 1784
1784 1785
1785 1786
1786 1787
1787 1788
1788 1789
1789 1790
1790 1791
1791 1792
1792 1793
1793 1794
1794 1795
1795 1796
1796 1797
1797 1798
1798 1799
1799 1800
1800 1801
1801 1802
1802 1803
1803 1804
1804 1805
1805 1806
1806 1807
1807 1808
1808 1809
1809 1810
1810 1811
1811 1812
1812 1813
1813 1814
1814 1815
1815 1816
1816 1817
1817 1818
1818 1819
1819 1820
1820 1821
1821 1822
1822 1823
1823 1824
1824 1825
1825 1826
1826 1827
1827 1828
1828 1829
1829 1830
1830 1831
1831 1832
1832 1833
1833 1834
1834 1835
1835 1836
1836 1837
1837 1838
1838 1839
1839 1840
1840 1841
1841 1842
1842 1843
1843 1844
1844 1845
1845 1846
1846 1847
1847 1848
1848 1849
1849 1850
1850 1851
1851 1852
1852 1853
1853 1854
1854 1855
1855 1856
1856 1857
1857 1858
1858 1859
1859 1860
1860 1861
1861 1862
1862 1863
1863 1864
1864 1865
1865 1866
1866 1867
1867 1868
1868 1869
1869 1870
1870 1871
1871 1872
1872 1873
1873 1874
1874 1875
1875 1876
1876 1877
1877 1878
1878 1879
1879 1880
1880 1881
1881 1882
1882 1883
1883 1884
1884 1885
1885 1886
1886 1887
1887 1888
1888 1889
1889 1890
1890 1891
1891 1892
1892 1893
1893 1894
1894 1895
1895 1896
1896 1897
1897 1898
1898 1899
1899 1900
1900 1901
1901 1902
1902 1903
1903 1904
1904 1905
1905 1906
1906 1907
1907 1908
1908 1909
1909 1910
1910 1911
1911 1912
1912 1913
1913 1914
1914 1915
1915 1916
1916 1917
1917 1918
1918 1919
1919 1920
1920 1921
1921 1922
1922 1923
1923 1924
1924 1925
1925 1926
1926 1927
1927 1928
1928 1929
1929 1930
1930 1931
1931 1932
1932 1933
1933 1934
1934 1935
1935 1936
1936 1937
1937 1938
1938 1939
1939 1940
1940 1941
1941 1942
1942 1943
1943 1944
1944 1945
1945 1946
1946 1947
1947 1948
1948 1949
1949 1950
1950 1951
1951 1952
1952 1953
1953 1954
1954 1955
1955 1956
1956 1957
1957 1958
1958 1959
1959 1960
1960 1961
1961 1962
1962 1963
1963 1964
1964 1965
1965 1966
1966 1967
1967 1968
1968 1969
1969 1970
1970 1971
1971 1972
1972 1973
1973 1974
1974 1975
1975 1976
1976 1977
1977 1978
1978 1979
1979 1980
1980 1981
1981 1982
1982 1983
1983 1984
1984 1985
1985 1986
1986 1987
1987 1988
1988 1989
1989 1990
1990 1991
1991 1992
1992 1993
1993 1994
1994 1995
1995 1996
1996 1997
1997 1998
1998 1999
1999 2000
2000 2001
2001 2002
2002 2003
2003 2004
2004 2005
2005 2006
2006 2007
2007 2008
2008 2009
2009 2010
2010 2011
2011 2012
2012 2013
2013 2014
2014 2015
2015 2016
2016 2017
2017 2018
2018 2019
2019 2020
2020 2021
2021 2022
2022 2023
2023 2024
2024 2025
2025 2026
2026 2027
2027 2028
2028 2029
2029 2030
2030 2031
2031 2032
2032 2033
2033 2034
2034 2035
2035 2036
2036 2037
2037 2038
2038 2039
2039 2040
2040 2041
2041 2042
2042 2043
2043 2044
2044 2045
2045 2046
2046 2047
2047 2048
2048 2049
2049 2050
2050 2051
2051 2052
2052 2053
2053 2054
2054 2055
2055 2056
2056 2057
2057 2058
2058 2059
2059 2060
2060 2061
2061 2062
2062 2063
2063 2064
2064 2065
2065 2066
2066 2067
2067 2068
2068 2069
2069 2070
2070 2071
2071 2072
2072 2073
2073 2074
2074 2075
2075 2076
2076 2077
2077 2078
2078 2079
2079 2080
2080 2081
2081 2082
2082 2083
2083 2084
2084 2085
2085 2086
2086 2087
2087 2088
2088 2089
2089 2090
2090 2091
2091 2092
2092 2093
2093 2094
2094 2095
2095 2096
2096 2097
2097 2098
2098 2099
2099 2100
2100 2101
2101 2102
2102 2103
2103 2104
2104 2105
2105 2106
2106 2107
2107 2108
2108 2109
2109 2110
2110 2111
2111 2112
2112 2113
2113 2114
2114 2115
2115 2116
2116 2117
2117 2118
2118 2119
2119 2120
2120 2121
2121 2122
2122 2123
2123 2124
2124 2125
2125 2126
2126 2127
2127 2128
2128 2129
2129 2130
2130 2131
2131 2132
2132 2133
2133 2134
2134 2135
2135 2136
2136 2137
2137 2138
2138 2139
2139 2140
2140 2141
2141 2142
2142 2143
2143 2144
2144 2145
2145 2146
2146 2147
2147 2148
2148 2149
2149 2150
2150 2151
2151 2152
2152 2153
2153 2154
2154 2155
2155 2156
2156 2157
2157 2158
2158 2159
2159 2160
2160 2161
2161 2162
2162 2163
2163 2164
2164 2165
2165 2166
2166 2167
2167 2168
2168 2169
2169 2170
2170 2171
2171 2172
2172 2173
2173 2174
2174 2175
2175 2176
2176 2177
2177 2178
2178 2179
2179 2180
2180 2181
2181 2182
2182 2183
2183 2184
2184 2185
2185 2186
2186 2187
2187 2188
2188 2189
2189 2190
2190 2191
2191 2192
2192 2193
2193 2194
2194 2195
2195 2196
2196 2197
2197 2198
2198 2199
2199 2200
2200 2201
2201 2202
2202 2203
2203 2204
2204 2205
2205 2206
2206 2207
2207 2208
2208 2209
2209 2210
2210 2211
2211 2212
2212 2213
2213 2214
2214 2215
2215 2216
2216 2217
2217 2218
2218 2219
2219 2220
2220 2221
2221 2222
2222 2223
2223 2224
2224 2225
2225 2226
2226 2227
2227 2228
2228 2229
2229 2230
2230 2231
2231 2232
2232 2233
2233 2234
2234 2235
2235 2236
2236 2237
2237 2238
2238 2239
2239 2240
2240 2241
2241 2242
2242 2243
2243 2244
2244 2245
2245 2246
2246 2247
2247 2248
2248 2249
2249 2250
2250 2251
2251 2252
2252 2253
2253 2254
2254 2255
2255 2256
2256 2257
2257 2258
2258 2259
2259 2260
2260 2261
2261 2262
2262 2263
2263 2264
2264 2265
2265 2266
2266 2267
2267 2268
2268 2269
2269 2270
2270 2271
2271 2272
2272 2273
2273 2274
2274 2275
2275 2276
2276 2277
2277 2278
2278 2279
2279 2280
2280 2281
2281 2282
2282 2283
2283 2284
2284 2285
2285 2286
2286 2287
2287 2288
2288 2289
2289 2290
2290 2291
2291 2292
2292 2293
2293 2294
2294 2295
2295 2296
2296 2297
2297 2298
2298 2299
2299 2300
2300 2301
2301 2302
2302 2303
2303 2304
2304 2305
2305 2306
2306 2307
2307 2308
2308 2309
2309 2310
2310 2311
2311 2312
2312 2313
2313 2314
2314 2315
2315 2316
2316 2317
2317 2318
2318 2319
2319 2320
2320 2321
2321 2322
2322 2323
2323 2324
2324 2325
2325 2326
2326 2327
2327 2328
2328 2329
2329 2330
2330 2331
2331 2332
2332 2333
2333 2334
2334 2335
2335 2336
2336 2337
2337 2338
2338 2339
2339 2340
2340 2341
2341 2342
2342 2343
2343 2344
2344 2345
2345 2346
2346 2347
2347 2348
2348 2349
2349 2350
2350 2351
2351 2352
2352 2353
2353 2354
2354 2355
2355 2356
2356 2357
2357 2358
2358 2359
2359 2360
2360 2361
2361 2362
2362 2363
2363 2364
2364 2365
2365 2366
2366 2367
2367 2368
2368 2369
2369 2370
2370 2371
2371 2372
2372 2373
2373 2374
2374 2375
2375 2376
2376 2377
2377 2378
2378 2379
2379 2380
2380 2381
2381 2382
2382 2383
2383 2384
2384 2385
2385 2386
2386 2387
2387 2388
2388 2389
2389 2390
2390 2391
2391 2392
2392 2393
2393 2394
2394 2395
2395 2396
2396 2397
2397 2398
2398 2399
2399 2400
2400 2401
2401 2402
2402 2403
2403 2404
2404 2405
2405 2406
2406 2407
2407 2408
2408 2409
2409 2410
2410 2411
2411 2412
2412 2413
2413 2414
2414 2415
2415 2416
2416 2417
2417 2418
2418 2419
2419 2420
2420 2421
2421 2422
2422 2423
2423 2424
2424 2425
2425 2426
2426 2427
2427 2428
2428 2429
2429 2430
2430 2431
2431 2432
2432 2433
2433 2434
2434 2435
2435 2436
2436 2437
2437 2438
2438 2439
2439 2440
2440 2441
2441 2442
2442 2443
2443 2444
2444 2445
2445 2446
2446 2447
2447 2448
2448 2449
2449 2450
2450 2451
2451 2452
2452 2453
2453 2454
2454 2455
2455 2456
2456 2457
2457 2458
2458 2459
2459 2460
2460 2461
2461 2462
2462 2463
2463 2464
2464 2465
2465 2466
2466 2467
2467 2468
2468 2469
2469 2470
2470 2471
2471 2472
2472 2473
2473 2474
2474 2475
2475 2476
2476 2477
2477 2478
2478 2479
2479 2480
2480 2481
2481 2482
2482 2483
2483 2484
2484 2485
2485 2486
2486 2487
2487 2488
2488 2489
2489 2490
2490 2491
2491 2492
2492 2493
2493 2494
2494 2495
2495 2496
2496 2497
2497 2498
2498 2499
2499 2500
2500 2501
2501 2502
2502 2503
2503 2504
2504 2505
2505 2506
2506 2507
2507 2508
2508 2509
2509 2510
2510 2511
2511 2512
2512 2513
2513 2514
2514 2515
2515 2516
2516 2517
2517 2518
2518 2519
2519 2520
2520 2521
2521 2522
2522 2523
2523 2524
2524 2525
2525 2526
2526 2527
2527 2528
2528 2529
2529 2530
2530 2531
2531 2532
2532 2533
2533 2534
2534 2535
2535 2536
2536 2537
2537 2538
2538 2539
2539 2540
2540 2541
2541 2542
2542 2543
2543 2544
2544 2545
2545 2546
2546 2547
2547 2548
2548 2549
2549 2550
2550 2551
2551 2552
2552 2553
2553 2554
2554 2555
2555 2556
2556 2557
2557 2558
2558 2559
2559 2560
2560 2561
2561 2562
2562 2563
2563 2564
2564 2565
2565 2566
2566 2567
2567 2568
2568 2569
2569 2570
2570 2571
2571 2572
2572 2573
2573 2574
2574 2575
2575 2576
2576 2577
2577 2578
2578 2579
2579 2580
2580 2581
2581 2582
2582 2583
2583 2584
2584 2585
2585 2586
2586 2587
2587 2588
2588 2589
2589 2590
2590 2591
2591 2592
2592 2593
2593 2594
2594 2595
2595 2596
2596 2597
2597 2598
2598 2599
2599 2600
2600 2601
2601 2602
2602 2603
2603 2604
2604 2605
2605 2606
2606 2607
2607 2608
2608 2609
2609 2610
2610 2611
2611 2612
2612 2613
2613 2614
2614 2615
2615 2616
2616 2617
2617 2618
2618 2619
2619 2620
2620 2621
2621 2622
2622 2623
2623 2624
2624 2625
2625 2626
2626 2627
2627 2628
2628 2629
2629 2630
2630 2631
2631 2632
2632 2633
2633 2634
2634 2635
2635 2636
2636 2637
2637 2638
2638 2639
2639 2640
2640 2641
2641 2642
2642 2643
2643 2644
2644 2645
2645 2646
2646 2647
2647 2648
2648 2649
2649 2650
2650 2651
2651 2652
2652 2653
2653 2654
2654 2655
2655 2656
2656 2657
2657 2658
2658 2659
2659 2660
2660 2661
2661 2662
2662 2663
2663 2664
2664 2665
2665 2666
2666 2667
2667 2668
2668 2669
2669 2670
2670 2671
2671 2672
2672 2673
2673 2674
2674 2675
2675 2676
2676 2677
2677 2678
2678 2679
2679 2680
2680 2681
2681 2682
2682 2683
2683 2684
2684 2685
2685 2686
2686 2687
2687 2688
2688 2689
2689 2690
2690 2691
2691 2692
2692 2693
2693 2694
2694 2695
2695 2696
2696 2697
2697 2698
2698 2699
2699 2700
2700 2701
2701 2702
2702 2703
2703 2704
2704 2705
2705 2706
2706 2707
2707 2708
2708 2709
2709 2710
2710 2711
2711 2712
2712 2713
2713 2714
2714 2715
2715 2716
2716 2717
2717 2718
2718 2719
2719 2720
2720 2721
2721 2722
2722 2723
2723 2724
2724 2725
2725 2726
2726 2727
2727 2728
2728 2729
2729 2730
2730 2731
2731 2732
2732 2733
2733 2734
2734 2735
2735 2736
2736 2737
2737 2738
2738 2739
2739 2740
2740 2741
2741 2742
2742 2743
2743 2744
2744 2745
2745 2746
2746 2747
2747 2748
2748 2749
2749 2750
2750 2751
2751 2752
2752 2753
2753 2754
2754 2755
2755 2756
2756 2757
2757 2758
2758 2759
2759 2760
2760 2761
2761 2762
2762 2763
2763 2764
2764 2765
2765 2766
2766 2767
2767 2768
2768 2769
2769 2770
2770 2771
2771 2772
2772 2773
2773 2774
2774 2775
2775 2776
2776 2777
2777 2778
2778 2779
2779 2780
2780 2781
2781 2782
2782 2783
2783 2784
2784 2785
2785 2786
2786 2787
2787 2788
2788 2789
2789 2790
2790 2791
2791 2792
2792 2793
2793 2794
2794 2795
2795 2796
2796 2797
2797 2798
2798 2799
2799 2800
2800 2801
2801 2802
2802 2803
2803 2804
2804 2805
2805 2806
2806 2807
2807 2808
2808 2809
2809 2810
2810 2811
2811 2812
2812 2813
2813 2814
2814 2815
2815 2816
2816 2817
2817 2818
2818 2819
2819 2820
2820 2821
2821 2822
2822 2823
2823 2824
2824 2825
2825 2826
2826 2827
2827 2828
2828 2829
2829 2830
2830 2831
2831 2832
2832 2833
2833 2834
2834 2835
2835 2836
2836 2837
2837 2838
2838 2839
2839 2840
2840 2841
2841 2842
2842 2843
2843 2844
2844 2845
2845 2846
2846 2847
2847 2848
2848 2849
2849 2850
2850 2851
2851 2852
2852 2853
2853 2854
2854 2855
2855 2856
2856 2857
2857 2858
2858 2859
2859 2860
2860 2861
2861 2862
2862 2863
2863 2864
2864 2865
2865 2866
2866 2867
2867 2868
2868 2869
2869 2870
2870 2871
2871 2872
2872 2873
2873 2874
2874 2875
2875 2876
2876 2877
2877 2878
2878 2879
2879 2880
2880 2881
2881 2882
2882 2883
2883 2884
2884 2885
2885 2886
2886 2887
2887 2888
2888 2889
2889 2890
2890 2891
2891 2892
2892 2893
2893 2894
2894 2895
2895 2896
2896 2897
2897 2898
2898 2899
2899 2900
2900 2901
2901 2902
2902 2903
2903 2904
2904 2905
2905 2906
2906 2907
2907 2908
2908 2909
2909 2910
2910 2911
2911 2912
2912 2913
2913 2914
2914 2915
2915 2916
2916 2917
2917 2918
2918 2919
2919 2920
2920 2921
2921 2922
2922 2923
2923 2924
2924 2925
2925 2926
2926 2927
2927 2928
2928 2929
2929 2930
2930 2931
2931 2932
2932 2933
2933 2934
2934 2935
2935 2936
2936 2937
2937 2938
2938 2939
2939 2940
2940 2941
2941 2942
2942 2943
2943 2944
2944 2945
2945 2946
2946 2947
2947 2948
2948 2949
2949 2950
2950 2951
2951 2952
2952 2953
2953 2954
2954 2955
2955 2956
2956 2957
2957 2958
2958 2959
2959 2960
2960 2961
2961 2962
2962 2963
2963 2964
2964 2965
2965 2966
2966 2967
2967 2968
2968 2969
2969 2970
2970 2971
2971 2972
2972 2973
2973 2974
2974 2975
2975 2976
2976 2977
2977 2978
2978 2979
2979 2980
2980 2981
2981 2982
2982 2983
2983 2984
2984 2985
2985 2986
2986 2987
2987 2988
2988 2989
2989 2990
2990 2991
2991 2992
2992 2993
2993 2994
2994 2995
2995 2996
2996 2997
2997 2998
2998 2999
2999 3000
3000 3001
3001 3002
3002 3003
3003 3004
3004 3005
3005 3006
3006 3007
3007 3008
3008 3009
3009 3010
3010 3011
3011 3012
3012 3013
3013 3014
3014 3015
3015 3016
3016 3017
3017 3018
3018 3019
3019 3020
3020 3021
3021 3022
3022 3023
3023 3024
3024 3025
3025 3026
3026 3027
3027 3028
3028 3029
3029 3030
3030 3031
3031 3032
3032 3033
3033 3034
3034 3035
3035 3036
3036 3037
3037 3038
3038 3039
3039 3040
3040 3041
3041 3042
3042 3043
3043 3044
3044 3045
3045 3046
3046 3047
3047 3048
3048 3049
3049 3050
3050 3051
3051 3052
3052 3053
3053 3054
3054 3055
3055 3056
3056 3057
3057 3058
3058 3059
3059 3060
3060 3061
3061 3062
3062 3063
3063 3064
3064 3065
3065 3066
3066 3067
3067 3068
3068 3069
3069 3070
3070 3071
3071 3072
3072 3073
3073 3074
3074 3075
3075 3076
3076 3077
3077 3078
3078 3079
3079 3080
3080 3081
3081 3082
3082 3083
3083 3084
3084 3085
3085 3086
3086 3087
3087 3088
3088 3089
3089 3090
3090 3091
3091 3092
3092 3093
3093 3094
3094 3095
3095 3096
3096 3097
3097 3098
3098 3099
3099 3100
3100 3101
3101 3102
3102 3103
3103 3104
3104 3105
3105 3106
3106 3107
3107 3108
3108 3109
3109 3110
3110 3111
3111 3112
3112 3113
3113 3114
3114 3115
3115 3116
3116 3117
3117 3118
3118 3119
3119 3120
3120 3121
3121 3122
3122 3123
3123 3124
3124 3125
3125 3126
3126 3127
3127 3128
3128 3129
3129 3130
3130 3131
3131 3132
3132 3133
3133 3134
3134 3135
3135 3136
3136 3137
3137 3138
3138 3139
3139 3140
3140 3141
3141 3142
3142 3143
3143 3144
3144 3145
3145 3146
3146 3147
3147 3148
3148 3149
3149 3150
3150 3151
3151 3152
3152 3153
3153 3154
3154 3155
3155 3156
3156 3157
3157 3158
3158 3159
3159 3160
3160 3161
3161 3162
3162 3163
3163 3164
3164 3165
3165 3166
3166 3167
3167 3168
3168 3169
3169 3170
3170 3171
3171 3172
3172 3173
3173 3174
3174 3175
3175 3176
3176 3177
3177 3178
3178 3179
3179 3180
3180 3181
3181 3182
3182 3183
3183 3184
3184 3185
3185 3186
3186 3187
3187 3188
3188 3189
3189 3190
3190 3191
3191 3192
3192 3193
3193 3194
3194 3195
3195 3196
3196 3197
3197 3198
3198 3199
3199 3200
3200 3201
3201 3202
3202 3203
3203 3204
3204 3205
3205 3206
3206 3207
3207 3208
3208 3209
3209 3210
3210 3211
3211 3212
3212 3213
3213 3214
3214 3215
3215 3216
3216 3217
3217 3218
3218 3219
3219 3220
3220 3221
3221 3222
3222 3223
3223 3224
3224 3225
3225 3226
3226 3227
3227 3228
3228 3229
3229 3230
3230 3231
3231 3232
3232 3233
3233 3234
3234 3235
3235 3236
3236 3237
3237 3238
3238 3239
3239 3240
3240 3241
3241 3242
3242 3243
3243 3244
3244 3245
3245 3246
3246 3247
3247 3248
3248 3249
3249 3250
3250 3251
3251 3252
3252 3253
3253 3254
3254 3255
3255 3256
3256 3257
3257 3258
3258 3259
3259 3260
3260 3261
3261 3262
3262 3263
3263 3264
3264 3265
3265 3266
3266 3267
3267 3268
3268 3269
3269 3270
3270 3271
3271 3272
3272 3273
3273 3274
3274 3275
3275 3276
3276 3277
3277 3278
3278 3279
3279 3280
3280 3281
3281 3282
3282 3283
3283 3284
3284 3285
3285 3286
3286 3287
3287 3288
3288 3289
3289 3290
3290 3291
3291 3292
3292 3293
3293 3294
3294 3295
3295 3296
3296 3297
3297 3298
3298 3299
3299 3300
3300 3301
3301 3302
3302 3303
3303 3304
3304 3305
3305 3306
3306 3307
3307 3308
3308 3309
3309 3310
3310 3311
3311 3312
3312 3313
3313 3314
3314 3315
3315 3316
3316 3317
3317 3318
3318 3319
3319 3320
3320 3321
3321 3322
3322 3323
3323 3324
3324 3325
3325 3326
3326 3327
3327 3328
3328 3329
3329 3330
3330 3331
3331 3332
3332 3333
3333 3334
3334 3335
3335 3336
3336 3337
3337 3338
3338 3339
3339 3340
3340 3341
3341 3342
3342 3343
3343 3344
3344 3345
3345 3346
3346 3347
3347 3348
3348 3349
3349 3350
3350 3351
3351 3352
3352 3353
3353 3354
3354 3355
3355 3356
3356 3357
3357 3358
3358 3359
3359 3360
3360 3361
3361 3362
3362 3363
3363 3364
3364 3365
3365 3366
3366 3367
3367 3368
3368 3369
3369 3370
3370 3371
3371 3372
3372 3373
3373 3374
3374 3375
3375 3376
3376 3377
3377 3378
3378 3379
3379 3380
3380 3381
3381 3382
3382 3383
3383 3384
3384 3385
3385 3386
3386 3387
3387 3388
3388 3389
3389 3390
3390 3391
3391 3392
3392 3393
3393 3394
3394 3395
3395 3396
3396 3397
3397 3398
3398 3399
3399 3400
3400 3401
3401 3402
3402 3403
3403 3404
3404 3405
3405 3406
3406 3407
3407 3408
3408 3409
3409 3410
3410 3411
3411 3412
3412 3413
3413 3414
3414 3415
3415 3416
3416 3417
3417 3418
3418 3419
3419 3420
3420 3421
3421 3422
3422 3423
3423 3424
3424 3425
3425 3426
3426 3427
3427 3428
3428 3429
3429 3430
3430 3431
3431 3432
3432 3433
3433 3434
3434 3435
3435 3436
3436 3437
3437 3438
3438 3439
3439 3440
3440 3441
3441 3442
3442 3443
3443 3444
3444 3445
3445 3446
3446 3447
3447 3448
3448 3449
3449 3450
3450 3451
3451 3452
3452 3453
3453 3454
3454 3455
3455 3456
3456 3457
3457 3458
3458 3459
3459 3460
3460 3461
3461 3462
3462 3463
3463 3464
3464 3465
3465 3466
3466 3467
3467 3468
3468 3469
3469 3470
3470 3471
3471 3472
3472 3473
3473 3474
3474 3475
3475 3476
3476 3477
3477 3478
3478 3479
3479 3480
3480 3481
3481 3482
3482 3483
3483 3484
3484 3485
3485 3486
3486 3487
3487 3488
3488 3489
3489 3490
3490 3491
3491 3492
3492 3493
3493 3494
3494 3495
3495 3496
3496 3497
3497 3498
3498 3499
3499 3500
3500 3501
3501 3502
3502 3503
3503 3504
3504 3505
3505 3506
3506 3507
3507 3508
3508 3509
3509 3510
3510 3511
3511 3512
3512 3513
3513 3514
3514 3515
3515 3516
3516 3517
3517 3518
3518 3519
3519 3520
3520 3521
3521 3522
3522 3523
3523 3524
3524 3525
3525 3526
3526 3527
3527 3528
3528 3529
3529 3530
3530 3531
3531 3532
3532 3533
3533 3534
3534 3535
3535 3536
3536 3537
3537 3538
3538 3539
3539 3540
3540 3541
3541 3542
3542 3543
3543 3544
3544 3545
3545 3546
3546 3547
3547 3548
3548 3549
3549 3550
3550 3551
3551 3552
3552 3553
3553 3554
3554 3555
3555 3556
3556 3557
3557 3558
3558 3559
3559 3560
3560 3561
3561 3562
3562 3563
3563 3564
3564 3565
3565 3566
3566 3567
3567 3568
3568 3569
3569 3570
3570 3571
3571 3572
3572 3573
3573 3574
3574 3575
3575 3576
3576 3577
3577 3578
3578 3579
3579 3580
3580 3581
3581 3582
3582 3583
3583 3584
3584 3585
3585 3586
3586 3587
3587 3588
3588 3589
3589 3590
3590 3591
3591 3592
3592 3593
3593 3594
3594 3595
3595 3596
3596 3597
3597 3598
3598 3599
3599 3600
3600 3601
3601 3602
3602 3603
3603 3604
3604 3605
3605 3606
3606 3607
3607 3608
3608 3609
3609 3610
3610 3611
3611 3612
3612 3613
3613 3614
3614 3615
3615 3616
3616 3617
3617 3618
3618 3619
3619 3620
3620 3621
3621 3622
3622 3623
3623 3624
3624 3625
3625 3626
3626 3627
3627 3628
3628 3629
3629 3630
3630 3631
3631 3632
3632 3633
3633 3634
3634 3635
3635 3636
3636 3637
3637 3638
3638 3639
3639 3640
3640 3641
3641 3642
3642 3643
3643 3644
3644 3645
3645 3646
3646 3647
3647 3648
3648 3649
3649 3650
3650 3651
3651 3652
3652 3653
3653 3654
3654 3655
3655 3656
3656 3657
3657 3658
3658 3659
3659 3660
3660 3661
3661 3662
3662 3663
3663 3664
3664 3665
3665 3666
3666 3667
3667 3668
3668 3669
3669 3670
3670 3671
3671 3672
3672 3673
3673 3674
3674 3675
3675 3676
3676 3677
3677 3678
3678 3679
3679 3680
3680 3681
3681 3682
3682 3683
3683 3684
3684 3685
3685 3686
3686 3687
3687 3688
3688 3689
3689 3690
3690 3691
3691 3692
3692 3693
3693 3694
3694 3695
3695 3696
3696 3697
3697 3698
3698 3699
3699 3700
3700 3701
3701 3702
3702 3703
3703 3704
3704 3705
3705 3706
3706 3707
3707 3708
3708 3709
3709 3710
3710 3711
3711 3712
3712 3713
3713 3714
3714 3715
3715 3716
3716 3717
3717 3718
3718 3719
3719 3720
3720 3721
3721 3722
3722 3723
3723 3724
3724 3725
3725 3726
3726 3727
3727 3728
3728 3729
3729 3730
3730 3731
3731 3732
3732 3733
3733 3734
3734 3735
3735 3736
3736 3737
3737 3738
3738 3739
3739 3740
3740 3741
3741 3742
3742 3743
3743 3744
3744 3745
3745 3746
3746 3747
3747 3748
3748 3749
3749 3750
3750 3751
3751 3752
3752 3753
3753 3754
3754 3755
3755 3756
3756 3757
3757 3758
3758 3759
3759 3760
3760 3761
3761 3762
3762 3763
3763 3764
3764 3765
3765 3766
3766 3767
3767 3768
3768 3769
3769 3770
3770 3771
3771 3772
3772 3773
3773 3774
3774 3775
3775 3776
3776 3777
3777 3778
3778 3779
3779 3780
3780 3781
3781 3782
3782 3783
3783 3784
3784 3785
3785 3786
3786 3787
3787 3788
3788 3789
3789 3790
3790 3791
3791 3792
3792 3793
3793 3794
3794 3795
3795 3796
3796 3797
3797 3798
3798 3799
3799 3800
3800 3801
3801 3802
3802 3803
3803 3804
3804 3805
3805 3806
3806 3807
3807 3808
3808 3809
3809 3810
3810 3811
3811 3812
3812 3813
3813 3814
3814 3815
3815 3816
3816 3817
3817 3818
3818 3819
3819 3820
3820 3821
3821 3822
3822 3823
3823 3824
3824 3825
3825 3826
3826 3827
3827 3828
3828 3829
3829 3830
3830 3831
3831 3832
3832 3833
3833 3834
3834 3835
3835 3836
3836 3837
3837 3838
3838 3839
3839 3840
3840 3841
3841 3842
3842 3843
3843 3844
3844 3845
3845 3846
3846 3847
3847 3848
3848 3849
3849 3850
3850 3851
3851 3852
3852 3853
3853 3854
3854 3855
3855 3856
3856 3857
3857 3858
3858 3859
3859 3860
3860 3861
3861 3862
3862 3863
3863 3864
3864 3865
3865 3866
3866 3867
3867 3868
3868 3869
3869 3870
3870 3871
3871 3872
3872 3873
3873 3874
3874 3875
3875 3876
3876 3877
3877 3878
3878 3879
3879 3880
3880 3881
3881 3882
3882 3883
3883 3884
3884 3885
3885 3886
3886 3887
3887 3888
3888 3889
3889 3890
3890 3891
3891 3892
3892 3893
3893 3894
3894 3895
3895 3896
3896 3897
3897 3898
3898 3899
3899 3900
3900 3901
3901 3902
3902 3903
3903 3904
3904 3905
3905 3906
3906 3907
3907 3908
3908 3909
3909 3910
3910 3911
3911 3912
3912 3913
3913 3914
3914 3915
3915 3916
3916 3917
3917 3918
3918 3919
3919 3920
3920 3921
3921 3922
3922 3923
3923 3924
3924 3925
3925 3926
3926 3927
3927 3928
3928 3929
3929 3930
3930 3931
3931 3932
3932 3933
3933 3934
3934 3935
3935 3936
3936 3937
3937 3938
3938 3939
3939 3940
3940 3941
3941 3942
3942 3943
3943 3944
3944 3945
3945 3946
3946 3947
3947 3948
3948 3949
3949 3950
3950 3951
3951 3952
3952 3953
3953 3954
3954 3955
3955 3956
3956 3957
3957 3958
3958 3959
3959 3960
3960 3961
3961 3962
3962 3963
3963 3964
3964 3965
3965 3966
3966 3967
3967 3968
3968 3969
3969 3970
3970 3971
3971 3972
3972 3973
3973 3974
3974 3975
3975 3976
3976 3977
3977 3978
3978 3979
3979 3980
3980 3981
3981 3982
3982 3983
3983 3984
3984 3985
3985 3986
3986 3987
3987 3988
3988 3989
3989 3990
3990 3991
3991 3992
3992 3993
3993 3994
3994 3995
3995 3996
3996 3997
3997 3998
3998 3999
3999 4000
4000 4001
4001 4002
4002 4003
4003 4004
4004 4005
4005 4006
4006 4007
4007 4008
4008 4009
4009 4010
4010 4011
4011 4012
4012 4013
4013 4014
4014 4015
4015 4016
4016 4017
4017 4018
4018 4019
4019 4020
4020 4021
4021 4022
4022 4023
4023 4024
4024 4025
4025 4026
4026 4027
4027 4028
4028 4029
4029 4030
4030 4031
4031 4032
4032 4033
4033 4034
4034 4035
4035 4036
4036 4037
4037 4038
4038 4039
4039 4040
4040 4041
4041 4042
4042 4043
4043 4044
4044 4045
4045 4046
4046 4047
4047 4048
4048 4049
4049 4050
4050 4051
4051 4052
4052 4053
4053 4054
4054 4055
4055 4056
4056 4057
4057 4058
4058 4059
4059 4060
4060 4061
4061 4062
4062 4063
4063 4064
4064 4065
4065 4066
4066 4067
4067 4068
4068 4069
4069 4070
4070 4071
4071 4072
4072 4073
4073 4074
4074 4075
4075 4076
4076 4077
4077 4078
4078 4079
4079 4080
4080 4081
4081 4082
4082 4083
4083 4084
4084 4085
4085 4086
4086 4087
4087 4088
4088 4089
4089 4090
4090 4091
4091 4092
4092 4093
4093 4094
4094 4095
4095 4096
4096 4097
4097 4098
4098 4099
4099 4100
4100 4101
4101 4102
4102 4103
4103 4104
4104 4105
4105 4106
4106 4107
4107 4108
4108 4109
4109 4110
4110 4111
4111 4112
4112 4113
4113 4114
4114 4115
4115 4116
4116 4117
4117 4118
4118 4119
4119 4120
4120 4121
4121 4122
4122 4123
4123 4124
4124 4125
4125 4126
4126 4127
4127 4128
4128 4129
4129 4130
4130 4131
4131 4132
4132 4133
4133 4134
4134 4135
4135 4136
4136 4137
4137 4138
4138 4139
4139 4140
4140 4141
4141 4142
4142 4143
4143 4144
4144 4145
4145 4146
4146 4147
4147 4148
4148 4149
4149 4150
4150 4151
4151 4152
4152 4153
4153 4154
4154 4155
4155 4156
4156 4157
4157 4158
4158 4159
4159 4160
4160 4161
4161 4162
4162 4163
4163 4164
4164 4165
4165 4166
4166 4167
4167 4168
4168 4169
4169 4170
4170 4171
4171 4172
4172 4173
4173 4174
4174 4175
4175 4176
4176 4177
4177 4178
4178 4179
4179 4180
4180 4181
4181 4182
4182 4183
4183 4184
4184 4185
4185 4186
4186 4187
4187 4188
4188 4189
4189 4190
4190 4191
4191 4192
4192 4193
4193 4194
4194 4195
4195 4196
4196 4197
4197 4198
4198 4199
4199 4200
4200 4201
4201 4202
4202 4203
4203 4204
4204 4205
4205 4206
4206 4207
4207 4208
4208 4209
4209 4210
4210 4211
4211 4212
4212 4213
4213 4214
4214 4215
4215 4216
4216 4217
4217 4218
4218 4219
4219 4220
4220 4221
4221 4222
4222 4223
4223 4224
4224 4225
4225 4226
4226 4227
4227 4228
4228 4229
4229 4230
4230 4231
4231 4232
4232 4233
4233 4234
4234 4235
4235 4236
4236 4237
4237 4238
4238 4239
4239 4240
4240 4241
4241 4242
4242 4243
4243 4244
4244 4245
4245 4246
4246 4247
4247 4248
4248 4249
4249 4250
4250 4251
4251 4252
4252 4253
4253 4254
4254 4255
4255 4256
4256 4257
4257 4258
4258 4259
4259 4260
4260 4261
4261 4262
4262 4263
4263 4264
4264 4265
4265 4266
4266 4267
4267 4268
4268 4269
4269 4270
4270 4271
4271 4272
4272 4273
4273 4274
4274 4275
4275 4276
4276 4277
4277 4278
4278 4279
4279 4280
4280 4281
4281 4282
4282 4283
4283 4284
4284 4285
4285 4286
4286 4287
4287 4288
4288 4289
4289 4290
4290 4291
4291 4292
4292 4293
4293 4294
4294 4295
4295 4296
4296 4297
4297 4298
4298 4299
4299 4300
4300 4301
4301 4302
4302 4303
4303 4304
4304 4305
4305 4306
4306 4307
4307 4308
4308 4309
4309 4310
4310 4311
4311 4312
4312 4313
4313 4314
4314 4315
4315 4316
4316 4317
4317 4318
4318 4319
4319 4320
4320 4321
4321 4322
4322 4323
4323 4324
4324 4325
4325 4326
4326 4327
4327 4328
4328 4329
4329 4330
4330 4331
4331 4332
4332 4333
4333 4334
4334 4335
4335 4336
4336 4337
4337 4338
4338 4339
4339 4340
4340 4341
4341 4342
4342 4343
4343 4344
4344 4345
4345 4346
4346 4347
4347 4348
4348 4349
4349 4350
4350 4351
4351 4352
4352 4353
4353 4354
4354 4355
4355 4356
4356 4357
4357 4358
4358 4359
4359 4360
4360 4361
4361 4362
4362 4363
4363 4364
4364 4365
4365 4366
4366 4367
4367 4368
4368 4369
4369 4370
4370 4371
4371 4372
4372 4373
4373 4374
4374 4375
4375 4376
4376 4377
4377 4378
4378 4379
4379 4380
4380 4381
4381 4382
4382 4383
4383 4384
4384 4385
4385 4386
4386 4387
4387 4388
4388 4389
4389 4390
4390 4391
4391 4392
4392 4393
4393 4394
4394 4395
4395 4396
4396 4397
4397 4398
4398 4399
4399 4400
4400 4401
4401 4402
4402 4403
4403 4404
4404 4405
4405 4406
4406 4407
4407 4408
4408 4409
4409 4410
4410 4411
4411 4412
4412 4413
4413 4414
4414 4415
4415 4416
4416 4417
4417 4418
4418 4419
4419 4420
4420 4421
4421 4422
4422 4423
4423 4424
4424 4425
4425 4426
4426 4427
4427 4428
4428 4429
4429 4430
4430 4431
4431 4432
4432 4433
4433 4434
4434 4435
4435 4436
4436 4437
4437 4438
4438 4439
4439 4440
4440 4441
4441 4442
4442 4443
4443 4444
4444 4445
4445 4446
4446 4447
4447 4448
4448 4449
4449 4450
4450 4451
4451 4452
4452 4453
4453 4454
4454 4455
4455 4456
4456 4457
4457 4458
4458 4459
4459 4460
4460 4461
4461 4462
4462 4463
4463 4464
4464 4465
4465 4466
4466 4467
4467 4468
4468 4469
4469 4470
4470 4471
4471 4472
4472 4473
4473 4474
4474 4475
4475 4476
4476 4477
4477 4478
4478 4479
4479 4480
4480 4481
4481 4482
4482 4483
4483 4484
4484 4485
4485 4486
4486 4487
4487 4488
4488 4489
4489 4490
4490 4491
4491 4492
4492 4493
4493 4494
4494 4495
4495 4496
4496 4497
4497 4498
4498 4499
4499 4500
4500 4501
4501 4502
4502 4503
4503 4504
4504 4505
4505 4506
4506 4507
4507 4508
4508 4509
4509 4510
4510 4511
4511 4512
4512 4513
4513 4514
4514 4515
4515 4516
4516 4517
4517 4518
4518 4519
4519 4520
4520 4521
4521 4522
4522 4523
4523 4524
4524 4525
4525 4526
4526 4527
4527 4528
4528 4529
4529 4530
4530 4531
4531 4532
4532 4533
4533 4534
4534 4535
4535 4536
4536 4537
4537 4538
4538 4539
4539 4540
4540 4541
4541 4542
4542 4543
4543 4544
4544 4545
4545 4546
4546 4547
4547 4548
4548 4549
4549 4550
4550 4551
4551 4552
4552 4553
4553 4554
4554 4555
4555 4556
4556 4557
4557 4558
4558 4559
4559 4560
4560 4561
4561 4562
4562 4563
4563 4564
4564 4565
4565 4566
4566 4567
4567 4568
4568 4569
4569 4570
4570 4571
4571 4572
4572 4573
4573 4574
4574 4575
4575 4576
4576 4577
4577 4578
4578 4579
4579 4580
4580 4581
4581 4582
4582 4583
4583 4584
4584 4585
4585 4586
4586 4587
4587 4588
4588 4589
4589 4590
4590 4591
4591 4592
4592 4593
4593 4594
4594 4595
4595 4596
4596 4597
4597 4598
4598 4599
4599 4600
4600 4601
4601 4602
4602 4603
4603 4604
4604 4605
4605 4606
4606 4607
4607 4608
4608 4609
4609 4610
4610 4611
4611 4612
4612 4613
4613 4614
4614 4615
4615 4616
4616 4617
4617 4618
4618 4619
4619 4620
4620 4621
4621 4622
4622 4623
4623 4624
4624 4625
4625 4626
4626 4627
4627 4628
4628 4629
4629 4630
4630 4631
4631 4632
4632 4633
4633 4634
4634 4635
4635 4636
4636 4637
4637 4638
4638 4639
4639 4640
4640 4641
4641 4642
4642 4643
4643 4644
4644 4645
4645 4646
4646 4647
4647 4648
4648 4649
4649 4650
4650 4651
4651 4652
4652 4653
4653 4654
4654 4655
4655 4656
4656 4657
4657 4658
4658 4659
4659 4660
4660 4661
4661 4662
4662 4663
4663 4664
4664 4665
4665 4666
4666 4667
4667 4668
4668 4669
4669 4670
4670 4671
4671 4672
4672 4673
4673 4674
4674 4675
4675 4676
4676 4677
4677 4678
4678 4679
4679 4680
4680 4681
4681 4682
4682 4683
4683 4684
4684 4685
4685 4686
4686 4687
4687 4688
4688 4689
4689 4690
4690 4691
4691 4692
4692 4693
4693 4694
4694 4695
4695 4696
4696 4697
4697 4698
4698 4699
4699 4700
4700 4701
4701 4702
4702 4703
4703 4704
4704 4705
4705 4706
4706 4707
4707 4708
4708 4709
4709 4710
4710 4711
4711 4712
4712 4713
4713 4714
4714 4715
4715 4716
4716 4717
4717 4718
4718 4719
4719 4720
4720 4721
4721 4722
4722 4723
4723 4724
4724 4725
4725 4726
4726 4727
4727 4728
4728 4729
4729 4730
4730 4731
4731 4732
4732 4733
4733 4734
4734 4735
4735 4736
4736 4737
4737 4738
4738 4739
4739 4740
4740 4741
4741 4742
4742 4743
4743 4744
4744 4745
4745 4746
4746 4747
4747 4748
4748 4749
4749 4750
4750 4751
4751 4752
4752 4753
4753 4754
4754 4755
4755 4756
4756 4757
4757 4758
4758 4759
4759 4760
4760 4761
4761 4762
4762 4763
4763 4764
4764 4765
4765 4766
4766 4767
4767 4768
4768 4769
4769 4770
4770 4771
4771 4772
4772 4773
4773 4774
4774 4775
4775 4776
4776 4777
4777 4778
4778 4779
4779 4780
4780 4781
4781 4782
4782 4783
4783 4784
4784 4785
4785 4786
4786 4787
4787 4788
4788 4789
4789 4790
4790 4791
4791 4792
4792 4793
4793 4794
4794 4795
4795 4796
4796 4797
4797 4798
4798 4799
4799 4800
4800 4801
4801 4802
4802 4803
4803 4804
4804 4805
4805 4806
4806 4807
4807 4808
4808 4809
4809 4810
4810 4811
4811 4812
4812 4813
4813 4814
4814 4815
4815 4816
4816 4817
4817 4818
4818 4819
4819 4820
4820 4821
4821 4822
4822 4823
4823 4824
4824 4825
4825 4826
4826 4827
4827 4828
4828 4829
4829 4830
4830 4831
4831 4832
4832 4833
4833 4834
4834 4835
4835 4836
4836 4837
4837 4838
4838 4839
4839 4840
4840 4841
4841 4842
4842 4843
4843 4844
4844 4845
4845 4846
4846 4847
4847 4848
4848 4849
4849 4850
4850 4851
4851 4852
4852 4853
4853 4854
4854 4855
4855 4856
4856 4857
4857 4858
4858 4859
4859 4860
4860 4861
4861 4862
4862 4863
4863 4864
4864 4865
4865 4866
4866 4867
4867 4868
4868 4869
4869 4870
4870 4871
4871 4872
4872 4873
4873 4874
4874 4875
4875 4876
4876 4877
4877 4878
4878 4879
4879 4880
4880 4881
4881 4882
4882 4883
4883 4884
4884 4885
4885 4886
4886 4887
4887 4888
4888 4889
4889 4890
4890 4891
4891 4892
4892 4893
4893 4894
4894 4895
4895 4896
4896 4897
4897 4898
4898 4899
4899 4900
4900 4901
4901 4902
4902 4903
4903 4904
4904 4905
4905 4906
4906 4907
4907 4908
4908 4909
4909 4910
4910 4911
4911 4912
4912 4913
4913 4914
4914 4915
4915 4916
4916 4917
4917 4918
4918 4919
4919 4920
4920 4921
4921 4922
4922 4923
4923 4924
4924 4925
4925 4926
4926 4927
4927 4928
4928 4929
4929 4930
4930 4931
4931 4932
4932 4933
4933 4934
4934 4935
4935 4936
4936 4937
4937 4938
4938 4939
4939 4940
4940 4941
4941 4942
4942 4943
4943 4944
4944 4945
4945 4946
4946 4947
4947 4948
4948 4949
4949 4950
4950 4951
4951 4952
4952 4953
4953 4954
4954 4955
4955 4956
4956 4957
4957 4958
4958 4959
4959 4960
4960 4961
4961 4962
4962 4963
4963 4964
4964 4965
4965 4966
4966 4967
4967 4968
4968 4969
4969 4970
4970 4971
4971 4972
4972 4973
4973 4974
4974 4975
4975 4976
4976 4977
4977 4978
4978 4979
4979 4980
4980 4981
4981 4982
4982 4983
4983 4984
4984 4985
4985 4986
4986 4987
4987 4988
4988 4989
4989 4990
4990 4991
4991 4992
4992 4993
4993 4994
4994 4995
4995 4996
4996 4997
4997 4998
4998 4999
4999 5000
4289 5001
3821 5002
71 5003
666 5004
2371 5005
992 5006
6 5007
2549 5008
3738 5009
4519 5010
2489 5011
3410 5012
1306 5013
409 5014
1804 5015
1653 5016
1409 5017
252 5018
2791 5019
1562 5020
4637 5021
2893 5022
1215 5023
55 5024
2030 5025
3787 5026
1370 5027
982 5028
4556 5029
661 5030
2331 5031
306 5032
1780 5033
4464 5034
4248 5035
2376 5036
4608 5037
2365 5038
2424 5039
4737 5040
2669 5041
3635 5042
1488 5043
4620 5044
57 5045
897 5046
2384 5047
2081 5048
2212 5049
4287 5050
738 5051
3971 5052
4822 5053
1973 5054
4250 5055
3646 5056
4842 5057
299 5058
4364 5059
1209 5060
41 5061
1291 5062
3682 5063
1965 5064
2634 5065
4796 5066
2797 5067
648 5068
4192 5069
4617 5070
3535 5071
1859 5072
3748 5073
3129 5074
3879 5075
4930 5076
2085 5077
2592 5078
2292 5079
3437 5080
1886 5081
1654 5082
2069 5083
3930 5084
4871 5085
4015 5086
4672 5087
3494 5088
3006 5089
3371 5090
993 5091
508 5092
1599 5093
1606 5094
3877 5095
101 5096
121 5097
2658 5098
928 5099
3673 5100
3580 5101
179 5102
1468 5103
4956 5104
440 5105
3571 5106
4452 5107
924 5108
3063 5109
1136 5110
2800 5111
3938 5112
3438 5113
1611 5114
1049 5115
143 5116
167 5117
3826 5118
4015 5119
2113 5120
4411 5121
3601 5122
2112 5123
127 5124
1982 5125
468 5126
1748 5127
3017 5128
1364 5129
416 5130
4191 5131
2899 5132
1083 5133
2931 5134
4471 5135
780 5136
3984 5137
592 5138
4503 5139
2977 5140
3358 5141
3615 5142
4763 5143
1439 5144
4796 5145
2941 5146
141 5147
1802 5148
791 5149
2664 5150
4472 5151
4423 5152
4720 5153
1654 5154
1154 5155
4033 5156
1407 5157
1495 5158
175 5159
354 5160
1256 5161
3807 5162
3035 5163
3031 5164
245 5165
4273 5166
3144 5167
186 5168
2236 5169
2656 5170
3530 5171
1954 5172
2498 5173
4639 5174
1391 5175
669 5176
592 5177
564 5178
1619 5179
2425 5180
446 5181
464 5182
2818 5183
520 5184
141 5185
1563 5186
4751 5187
2754 5188
1481 5189
4213 5190
3229 5191
231 5192
239 5193
4168 5194
4948 5195
2565 5196
3770 5197
1516 5198
975 5199
4206 5200
292 5201
3827 5202
2531 5203
2510 5204
2476 5205
4191 5206
1546 5207
4300 5208
4843 5209
4464 5210
3185 5211
487 5212
3068 5213
2450 5214
951 5215
1835 5216
2963 5217
2422 5218
3271 5219
75 5220
1276 5221
136 5222
1799 5223
4337 5224
2600 5225
2898 5226
3922 5227
3788 5228
1291 5229
3423 5230
3267 5231
746 5232
4865 5233
1001 5234
4548 5235
326 5236
1675 5237
311 5238
3677 5239
1875 5240
1572 5241
2457 5242
1816 5243
1018 5244
4521 5245
1990 5246
3653 5247
512 5248
1017 5249
3929 5250
3586 5251
3572 5252
4025 5253
4991 5254
1893 5255
71 5256
2635 5257
4228 5258
2149 5259
2245 5260
4367 5261
735 5262
3749 5263
2883 5264
4906 5265
3907 5266
3051 5267
2106 5268
407 5269
1415 5270
4120 5271
347 5272
884 5273
727 5274
3224 5275
74 5276
2062 5277
1668 5278
829 5279
568 5280
3215 5281
843 5282
1839 5283
1844 5284
2655 5285
3722 5286
2943 5287
3938 5288
2952 5289
2992 5290
3860 5291
3967 5292
4255 5293
3949 5294
3501 5295
3340 5296
984 5297
103 5298
3016 5299
3345 5300
4217 5301
3438 5302
1563 5303
1307 5304
3426 5305
4987 5306
1857 5307
2505 5308
410 5309
3821 5310
1967 5311
659 5312
710 5313
3523 5314
4607 5315
1748 5316
4254 5317
4953 5318
661 5319
386 5320
8 5321
4085 5322
1488 5323
1547 5324
1370 5325
3937 5326
3187 5327
4475 5328
3674 5329
518 5330
3693 5331
2259 5332
2271 5333
998 5334
350 5335
3756 5336
2622 5337
2083 5338
3667 5339
876 5340
3446 5341
4463 5342
4443 5343
1848 5344
1269 5345
163 5346
3274 5347
3395 5348
606 5349
2060 5350
4182 5351
198 5352
267 5353
3539 5354
3969 5355
4137 5356
3056 5357
4091 5358
4663 5359
3288 5360
4632 5361
608 5362
296 5363
1393 5364
668 5365
2926 5366
1640 5367
1333 5368
3512 5369
1160 5370
573 5371
2086 5372
2512 5373
1059 5374
753 5375
4840 5376
436 5377
2322 5378
1888 5379
1226 5380
424 5381
4331 5382
4996 5383
4871 5384
3503 5385
1913 5386
4511 5387
3072 5388
4121 5389
4252 5390
3296 5391
1956 5392
1058 5393
4734 5394
4547 5395
1547 5396
3501 5397
2271 5398
1714 5399
2319 5400
1145 5401
267 5402
4304 5403
3516 5404
2578 5405
3058 5406
3512 5407
514 5408
4835 5409
1088 5410
2073 5411
169 5412
1579 5413
3574 5414
2477 5415
4 5416
574 5417
3137 5418
4522 5419
4552 5420
766 5421
706 5422
1184 5423
4527 5424
1233 5425
1782 5426
1900 5427
4544 5428
2956 5429
3527 5430
276 5431
170 5432
1648 5433
1442 5434
1484 5435
3577 5436
3844 5437
4122 5438
2689 5439
1623 5440
3867 5441
917 5442
884 5443
3943 5444
1640 5445
2509 5446
586 5447
3606 5448
111 5449
3970 5450
4681 5451
1962 5452
1118 5453
4494 5454
1701 5455
224 5456
3444 5457
1242 5458
3780 5459
465 5460
1448 5461
943 5462
3846 5463
2981 5464
3925 5465
631 5466
3545 5467
2235 5468
2900 5469
4364 5470
1140 5471
558 5472
243 5473
1865 5474
4651 5475
3988 5476
2869 5477
841 5478
3402 5479
3860 5480
1827 5481
1236 5482
1637 5483
3550 5484
3537 5485
2033 5486
3880 5487
144 5488
4827 5489
968 5490
3650 5491
413 5492
1089 5493
4679 5494
1296 5495
720 5496
2961 5497
1608 5498
2887 5499
4946 5500
3804 5501
345 5502
1305 5503
2657 5504
2756 5505
4052 5506
3436 5507
3841 5508
3925 5509
4720 5510
2895 5511
823 5512
3208 5513
128 5514
1311 5515
283 5516
2240 5517
562 5518
1873 5519
22 5520
2527 5521
1114 5522
3176 5523
2053 5524
2616 5525
1880 5526
2689 5527
3533 5528
4283 5529
447 5530
1181 5531
959 5532
2004 5533
3376 5534
3512 5535
4589 5536
2436 5537
431 5538
1040 5539
2526 5540
925 5541
4515 5542
1151 5543
1958 5544
56 5545
3668 5546
588 5547
4154 5548
1674 5549
4928 5550
2183 5551
1307 5552
3070 5553
199 5554
1060 5555
1305 5556
4228 5557
1136 5558
4370 5559
1201 5560
1731 5561
4355 5562
3301 5563
2778 5564
2642 5565
3448 5566
976 5567
972 5568
4702 5569
4552 5570
4999 5571
2322 5572
1383 5573
2579 5574
4843 5575
1602 5576
2019 5577
4945 5578
95 5579
947 5580
447 5581
2501 5582
4203 5583
4014 5584
4691 5585
4039 5586
1439 5587
2344 5588
1053 5589
3024 5590
1107 5591
919 5592
1921 5593
68 5594
621 5595
3930 5596
560 5597
2003 5598
1498 5599
1062 5600
4975 5601
2800 5602
4352 5603
4838 5604
3042 5605
4942 5606
1299 5607
2035 5608
984 5609
2647 5610
4727 5611
1933 5612
4095 5613
2096 5614
4678 5615
1104 5616
3 5617
4585 5618
489 5619
370 5620
2916 5621
1801 5622
20 5623
1748 5624
3086 5625
458 5626
3790 5627
4504 5628
2526 5629
2464 5630
766 5631
3754 5632
4761 5633
2159 5634
4644 5635
4402 5636
38 5637
4086 5638
199 5639
2408 5640
4919 5641
3295 5642
347 5643
480 5644
2851 5645
1745 5646
2702 5647
2409 5648
4400 5649
1087 5650
354 5651
4377 5652
3264 5653
1474 5654
3349 5655
163 5656
3465 5657
3460 5658
1655 5659
2307 5660
3930 5661
239 5662
4052 5663
353 5664
571 5665
1910 5666
2388 5667
4133 5668
1204 5669
9 5670
807 5671
3746 5672
2872 5673
1239 5674
4324 5675
4909 5676
1107 5677
927 5678
259 5679
3472 5680
1049 5681
3392 5682
1914 5683
4378 5684
3545 5685
1962 5686
685 5687
578 5688
1843 5689
4844 5690
2338 5691
1708 5692
934 5693
3880 5694
52 5695
4034 5696
533 5697
4699 5698
598 5699
3175 5700
1762 5701
3625 5702
810 5703
552 5704
1668 5705
1433 5706
2762 5707
2332 5708
181 5709
572 5710
4455 5711
638 5712
4735 5713
4180 5714
3088 5715
3648 5716
1600 5717
2939 5718
2278 5719
3745 5720
851 5721
3745 5722
2693 5723
330 5724
3321 5725
2227 5726
4277 5727
3150 5728
2784 5729
1008 5730
1026 5731
1697 5732
2171 5733
61 5734
249 5735
3131 5736
1442 5737
1659 5738
501 5739
3652 5740
1627 5741
1359 5742
2512 5743
3730 5744
249 5745
1731 5746
2229 5747
1480 5748
4428 5749
2756 5750
2422 5751
2826 5752
3129 5753
1596 5754
3313 5755
4590 5756
2804 5757
2264 5758
129 5759
3461 5760
1539 5761
1916 5762
1930 5763
891 5764
2044 5765
1429 5766
3748 5767
266 5768
106 5769
4767 5770
1652 5771
3030 5772
84 5773
2649 5774
1240 5775
1677 5776
3463 5777
2158 5778
4729 5779
3733 5780
1493 5781
1749 5782
3838 5783
3922 5784
165 5785
427 5786
3526 5787
4160 5788
789 5789
727 5790
1126 5791
2598 5792
4326 5793
3030 5794
300 5795
740 5796
2927 5797
1289 5798
3819 5799
2078 5800
4956 5801
4740 5802
3529 5803
3417 5804
3193 5805
784 5806
3101 5807
3582 5808
3025 5809
3867 5810
1412 5811
3981 5812
4188 5813
4470 5814
4366 5815
4476 5816
1224 5817
103 5818
4164 5819
2503 5820
614 5821
800 5822
3141 5823
602 5824
3681 5825
1632 5826
4098 5827
3949 5828
523 5829
1881 5830
3094 5831
3863 5832
2761 5833
2322 5834
2714 5835
1022 5836
520 5837
789 5838
2912 5839
422 5840
3664 5841
1939 5842
678 5843
128 5844
3063 5845
4151 5846
1429 5847
2637 5848
1113 5849
1088 5850
4795 5851
804 5852
311 5853
2115 5854
4934 5855
2152 5856
989 5857
1761 5858
1090 5859
2549 5860
769 5861
197 5862
2092 5863
1092 5864
4137 5865
4928 5866
1760 5867
309 5868
259 5869
4672 5870
608 5871
3348 5872
651 5873
446 5874
822 5875
32 5876
3369 5877
1008 5878
2573 5879
664 5880
1257 5881
1679 5882
1490 5883
110 5884
1535 5885
4057 5886
2616 5887
4337 5888
946 5889
3593 5890
1709 5891
1829 5892
456 5893
213 5894
3151 5895
3342 5896
2474 5897
1736 5898
259 5899
69 5900
834 5901
889 5902
1247 5903
2617 5904
2570 5905
4597 5906
486 5907
3642 5908
2279 5909
1705 5910
996 5911
451 5912
318 5913
3002 5914
4058 5915
3654 5916
3942 5917
1920 5918
189 5919
1652 5920
3254 5921
4600 5922
3426 5923
332 5924
4376 5925
1281 5926
2029 5927
2596 5928
14 5929
825 5930
3234 5931
4582 5932
2595 5933
2113 5934
4467 5935
1965 5936
3550 5937
2430 5938
3204 5939
1401 5940
1131 5941
2122 5942
4483 5943
4606 5944
274 5945
1251 5946
1043 5947
1763 5948
3580 5949
753 5950
3467 5951
466 5952
1467 5953
622 5954
2451 5955
3163 5956
945 5957
3041 5958
3535 5959
1015 5960
4004 5961
2035 5962
2751 5963
3618 5964
56 5965
230 5966
3333 5967
927 5968
1030 5969
2587 5970
89 5971
4770 5972
1492 5973
123 5974
3170 5975
4306 5976
1949 5977
3752 5978
4725 5979
2486 5980
658 5981
1517 5982
4459 5983
90 5984
4680 5985
331 5986
958 5987
914 5988
3812 5989
3813 5990
1436 5991
4862 5992
2773 5993
4110 5994
4072 5995
1806 5996
1889 5997
1346 5998
2725 5999
4752 6000
762 6001
3234 6002
4916 6003
1240 6004
3018 6005
2252 6006
616 6007
3671 6008
3941 6009
131 6010
1656 6011
2663 6012
615 6013
2690 6014
4221 6015
1173 6016
4766 6017
2463 6018
396 6019
200 6020
3016 6021
3366 6022
782 6023
578 6024
191 6025
858 6026
1734 6027
965 6028
1996 6029
3011 6030
3179 6031
559 6032
4043 6033
4213 6034
4039 6035
2089 6036
3902 6037
4270 6038
4431 6039
4228 6040
2628 6041
2842 6042
1587 6043
157 6044
283 6045
1434 6046
2232 6047
2307 6048
2443 6049
4122 6050
949 6051
4198 6052
3293 6053
1218 6054
2275 6055
2010 6056
3980 6057
1152 6058
1777 6059
2236 6060
3443 6061
1995 6062
2582 6063
645 6064
2712 6065
4355 6066
3704 6067
1853 6068
423 6069
1151 6070
645 6071
1610 6072
1001 6073
2711 6074
3544 6075
1624 6076
1191 6077
3588 6078
4790 6079
1723 6080
3977 6081
4708 6082
1537 6083
3803 6084
3540 6085
570 6086
4508 6087
2647 6088
1332 6089
4462 6090
673 6091
22 6092
686 6093
1513 6094
3408 6095
1945 6096
4689 6097
4164 6098
504 6099
1093 6100
1861 6101
2089 6102
4875 6103
2160 6104
4293 6105
3393 6106
285 6107
1978 6108
4025 6109
279 6110
1077 6111
2294 6112
3408 6113
4758 6114
4815 6115
2008 6116
2348 6117
3839 6118
2889 6119
2849 6120
1054 6121
861 6122
4701 6123
1977 6124
3411 6125
3997 6126
4319 6127
500 6128
671 6129
903 6130
3695 6131
3625 6132
3889 6133
2722 6134
625 6135
791 6136
2119 6137
3072 6138
3307 6139
4384 6140
1940 6141
3013 6142
934 6143
1531 6144
855 6145
4334 6146
2177 6147
1756 6148
3005 6149
4887 6150
3482 6151
3151 6152
2498 6153
3254 6154
1111 6155
85 6156
2700 6157
1630 6158
3028 6159
294 6160
200 6161
742 6162
1805 6163
2592 6164
4106 6165
676 6166
3750 6167
894 6168
799 6169
1604 6170
3378 6171
805 6172
1709 6173
3581 6174
481 6175
2123 6176
1982 6177
4637 6178
2053 6179
4784 6180
192 6181
2332 6182
4703 6183
1498 6184
560 6185
4607 6186
3653 6187
1283 6188
2096 6189
2510 6190
2903 6191
2718 6192
63 6193
4912 6194
2098 6195
1091 6196
4808 6197
2253 6198
2460 6199
2198 6200
3806 6201
1141 6202
1697 6203
4223 6204
3110 6205
1919 6206
4798 6207
1397 6208
765 6209
4164 6210
540 6211
4388 6212
3284 6213
701 6214
87 6215
2705 6216
3449 6217
1258 6218
1512 6219
4067 6220
4304 6221
1180 6222
4663 6223
1037 6224
1425 6225
4173 6226
3341 6227
4313 6228
220 6229
743 6230
3385 6231
2375 6232
1850 6233
1131 6234
1505 6235
1414 6236
4542 6237
2715 6238
780 6239
3554 6240
2261 6241
2545 6242
1310 6243
4351 6244
4121 6245
1506 6246
1059 6247
3997 6248
2684 6249
1837 6250
4215 6251
724 6252
1187 6253
2472 6254
1382 6255
3154 6256
2696 6257
3725 6258
3039 6259
171 6260
1493 6261
881 6262
4974 6263
968 6264
1726 6265
2694 6266
4779 6267
1875 6268
4102 6269
4873 6270
445 6271
738 6272
3764 6273
1710 6274
3466 6275
4482 6276
3168 6277
3242 6278
859 6279
5 6280
2561 6281
3346 6282
1188 6283
4031 6284
4841 6285
1594 6286
1786 6287
2150 6288
3363 6289
2761 6290
200 6291
368 6292
1171 6293
4387 6294
795 6295
2162 6296
3535 6297
942 6298
4461 6299
4430 6300
4581 6301
3209 6302
3695 6303
1428 6304
1421 6305
3650 6306
2618 6307
612 6308
584 6309
319 6310
3383 6311
2 6312
3457 6313
616 6314
1661 6315
555 6316
986 6317
3507 6318
1956 6319
2976 6320
3458 6321
1607 6322
2032 6323
2633 6324
2567 6325
1661 6326
2304 6327
316 6328
159 6329
2659 6330
535 6331
1158 6332
699 6333
59 6334
19 6335
4816 6336
4685 6337
2029 6338
3644 6339
134 6340
3993 6341
4128 6342
415 6343
132 6344
4058 6345
1310 6346
836 6347
657 6348
39 6349
2385 6350
2556 6351
761 6352
4094 6353
3424 6354
15 6355
2950 6356
4311 6357
2319 6358
1077 6359
1663 6360
557 6361
4158 6362
3419 6363
2395 6364
3568 6365
1440 6366
1792 6367
1968 6368
3558 6369
4502 6370
4625 6371
927 6372
4643 6373
3045 6374
2786 6375
2250 6376
831 6377
926 6378
4879 6379
4649 6380
4879 6381
1085 6382
4906 6383
273 6384
4158 6385
4204 6386
4900 6387
1630 6388
3574 6389
2961 6390
505 6391
2610 6392
4233 6393
2349 6394
567 6395
2271 6396
4533 6397
2582 6398
4280 6399
817 6400
815 6401
4863 6402
2913 6403
4128 6404
4015 6405
4126 6406
2522 6407
2317 6408
4085 6409
23 6410
1998 6411
2706 6412
4778 6413
2215 6414
2677 6415
919 6416
851 6417
4 6418
641 6419
1170 6420
609 6421
3867 6422
2941 6423
4206 6424
1772 6425
2513 6426
3173 6427
936 6428
3561 6429
2934 6430
4561 6431
14 6432
849 6433
1967 6434
4596 6435
2432 6436
2748 6437
3643 6438
693 6439
932 6440
1374 6441
3065 6442
1371 6443
2725 6444
3705 6445
2064 6446
2430 6447
3979 6448
2451 6449
246 6450
4924 6451
3929 6452
3674 6453
69 6454
2017 6455
4371 6456
997 6457
1691 6458
627 6459
1798 6460
852 6461
625 6462
3141 6463
4540 6464
291 6465
806 6466
4497 6467
4560 6468
2875 6469
2085 6470
4564 6471
3872 6472
1865 6473
4044 6474
908 6475
3625 6476
4787 6477
3902 6478
309 6479
1446 6480
2248 6481
2188 6482
4709 6483
2756 6484
4648 6485
2511 6486
2021 6487
1200 6488
4116 6489
1361 6490
1593 6491
4826 6492
767 6493
1301 6494
2338 6495
4558 6496
4621 6497
364 6498
1178 6499
4720 6500
4426 6501
4154 6502
446 6503
3784 6504
2503 6505
4784 6506
2259 6507
886 6508
3616 6509
2451 6510
2578 6511
4416 6512
2378 6513
380 6514
694 6515
3218 6516
643 6517
1890 6518
2361 6519
2429 6520
3346 6521
1997 6522
4009 6523
2707 6524
4593 6525
3756 6526
128 6527
4866 6528
4863 6529
4065 6530
4701 6531
1447 6532
3827 6533
3771 6534
309 6535
1261 6536
774 6537
2709 6538
1342 6539
2710 6540
2177 6541
1109 6542
3925 6543
1392 6544
519 6545
3280 6546
2310 6547
3516 6548
164 6549
2580 6550
2028 6551
3203 6552
4214 6553
2438 6554
4010 6555
4690 6556
2778 6557
4300 6558
1841 6559
441 6560
4818 6561
4862 6562
1635 6563
3230 6564
1662 6565
3537 6566
1239 6567
3230 6568
249 6569
1379 6570
2814 6571
1623 6572
4917 6573
798 6574
318 6575
3287 6576
4361 6577
1103 6578
4956 6579
1265 6580
1410 6581
942 6582
3439 6583
3306 6584
2792 6585
2659 6586
4235 6587
1047 6588
467 6589
2927 6590
156 6591
362 6592
4901 6593
769 6594
4515 6595
652 6596
977 6597
3034 6598
4909 6599
2332 6600
2805 6601
3347 6602
4530 6603
641 6604
444 6605
1117 6606
1148 6607
2885 6608
975 6609
2969 6610
1073 6611
3946 6612
4509 6613
2553 6614
3594 6615
2162 6616
1233 6617
1630 6618
1061 6619
305 6620
267 6621
3844 6622
3408 6623
3885 6624
537 6625
3707 6626
4615 6627
2018 6628
1750 6629
1064 6630
879 6631
2543 6632
332 6633
67 6634
1388 6635
3805 6636
1527 6637
882 6638
928 6639
3145 6640
2442 6641
293 6642
4069 6643
1223 6644
3750 6645
3899 6646
1845 6647
1601 6648
4999 6649
4990 6650
136 6651
2017 6652
1178 6653
475 6654
1750 6655
2676 6656
2692 6657
125 6658
245 6659
4423 6660
349 6661
2873 6662
1597 6663
782 6664
1333 6665
292 6666
2018 6667
1178 6668
1165 6669
356 6670
3754 6671
1667 6672
4153 6673
93 6674
3856 6675
2623 6676
3116 6677
3990 6678
432 6679
3098 6680
1797 6681
2907 6682
2540 6683
2294 6684
1360 6685
2692 6686
3758 6687
268 6688
1184 6689
4837 6690
150 6691
3756 6692
3372 6693
695 6694
4095 6695
3610 6696
1552 6697
1679 6698
1021 6699
4386 6700
3750 6701
1789 6702
1610 6703
3460 6704
2044 6705
2216 6706
3546 6707
2627 6708
4055 6709
513 6710
1714 6711
3299 6712
1480 6713
3917 6714
1928 6715
2737 6716
1438 6717
4582 6718
4823 6719
2608 6720
3605 6721
2724 6722
114 6723
1393 6724
3813 6725
2672 6726
3292 6727
4458 6728
582 6729
874 6730
4501 6731
538 6732
602 6733
1108 6734
1600 6735
2636 6736
363 6737
1574 6738
3290 6739
2274 6740
3872 6741
3139 6742
405 6743
724 6744
610 6745
4388 6746
4622 6747
3202 6748
3963 6749
4451 6750
3227 6751
278 6752
857 6753
2035 6754
1889 6755
269 6756
1592 6757
4470 6758
1461 6759
1935 6760
1326 6761
663 6762
66 6763
4 6764
506 6765
3993 6766
411 6767
4018 6768
1671 6769
4215 6770
1977 6771
3629 6772
102 6773
2454 6774
1335 6775
1303 6776
130 6777
752 6778
1212 6779
104 6780
3416 6781
4819 6782
2368 6783
1806 6784
2158 6785
545 6786
963 6787
1576 6788
1859 6789
2664 6790
994 6791
2056 6792
1696 6793
2197 6794
4060 6795
2480 6796
869 6797
2036 6798
3156 6799
1535 6800
1839 6801
3484 6802
1695 6803
2012 6804
4977 6805
1561 6806
4993 6807
2833 6808
993 6809
41 6810
1563 6811
883 6812
3436 6813
2420 6814
3535 6815
2057 6816
4500 6817
2701 6818
4327 6819
1996 6820
624 6821
3582 6822
4403 6823
2710 6824
3453 6825
619 6826
3794 6827
382 6828
2100 6829
4350 6830
4531 6831
4290 6832
2284 6833
3323 6834
4340 6835
998 6836
1585 6837
2244 6838
915 6839
1060 6840
2997 6841
2656 6842
970 6843
1236 6844
127 6845
4903 6846
4832 6847
1071 6848
3721 6849
1945 6850
478 6851
302 6852
4126 6853
2232 6854
2088 6855
1425 6856
3900 6857
3283 6858
853 6859
453 6860
462 6861
957 6862
1584 6863
3260 6864
2197 6865
509 6866
8 6867
1259 6868
1015 6869
503 6870
4292 6871
832 6872
3184 6873
3523 6874
4539 6875
651 6876
985 6877
204 6878
19 6879
1295 6880
3439 6881
620 6882
3881 6883
761 6884
4998 6885
2838 6886
1264 6887
3672 6888
885 6889
3764 6890
3325 6891
4389 6892
4683 6893
1098 6894
2019 6895
4597 6896
2386 6897
2418 6898
298 6899
3420 6900
3514 6901
3786 6902
3206 6903
2709 6904
210 6905
939 6906
572 6907
1335 6908
3203 6909
4403 6910
208 6911
4818 6912
2813 6913
3366 6914
3269 6915
3123 6916
1103 6917
1608 6918
341 6919
4028 6920
568 6921
1774 6922
2498 6923
983 6924
955 6925
3765 6926
3123 6927
3556 6928
3667 6929
3723 6930
2779 6931
1897 6932
3491 6933
1525 6934
2551 6935
818 6936
505 6937
1033 6938
3343 6939
2593 6940
3668 6941
565 6942
4398 6943
3367 6944
4852 6945
3191 6946
581 6947
1468 6948
3929 6949
3430 6950
4005 6951
2244 6952
2422 6953
393 6954
3932 6955
1747 6956
1327 6957
1095 6958
2306 6959
1105 6960
169 6961
230 6962
4291 6963
4897 6964
49 6965
4600 6966
648 6967
2231 6968
1047 6969
2763 6970
4698 6971
4217 6972
3428 6973
1504 6974
3942 6975
1079 6976
2571 6977
935 6978
2024 6979
365 6980
2428 6981
2408 6982
3137 6983
4945 6984
1462 6985
4461 6986
4154 6987
1984 6988
846 6989
510 6990
2630 6991
2318 6992
4331 6993
2813 6994
410 6995
3885 6996
4220 6997
339 6998
2633 6999
1429 7000
2660 7001
691 7002
4150 7003
4253 7004
460 7005
414 7006
4776 7007
1730 7008
2834 7009
4734 7010
2541 7011
942 7012
4713 7013
2399 7014
432 7015
3930 7016
3249 7017
2722 7018
3965 7019
3559 7020
952 7021
2580 7022
1208 7023
4672 7024
1905 7025
2406 7026
3216 7027
1348 7028
3964 7029
3591 7030
1529 7031
4764 7032
1174 7033
4439 7034
2714 7035
2312 7036
2435 7037
3541 7038
1260 7039
1503 7040
2513 7041
3860 7042
3581 7043
2582 7044
3591 7045
401 7046
4244 7047
2872 7048
4422 7049
3984 7050
2901 7051
3287 7052
14 7053
4855 7054
4111 7055
290 7056
4188 7057
1083 7058
2989 7059
799 7060
4170 7061
1810 7062
3250 7063
995 7064
3503 7065
4233 7066
1216 7067
4024 7068
1185 7069
2511 7070
106 7071
3990 7072
4561 7073
4881 7074
2560 7075
2390 7076
3798 7077
935 7078
2507 7079
3386 7080
2165 7081
4351 7082
1466 7083
2313 7084
1095 7085
1873 7086
925 7087
1466 7088
786 7089
3211 7090
2048 7091
2310 7092
4421 7093
3278 7094
522 7095
1291 7096
2103 7097
896 7098
374 7099
2742 7100
3239 7101
3699 7102
2609 7103
4656 7104
241 7105
2733 7106
3398 7107
2333 7108
4231 7109
2202 7110
1046 7111
3425 7112
4206 7113
3831 7114
1668 7115
36 7116
4187 7117
1849 7118
2424 7119
2368 7120
4086 7121
3758 7122
914 7123
3136 7124
3461 7125
1649 7126
2266 7127
3691 7128
2740 7129
2548 7130
2949 7131
1145 7132
2052 7133
464 7134
723 7135
4141 7136
1361 7137
2417 7138
1518 7139
4868 7140
1249 7141
3848 7142
3037 7143
1117 7144
1586 7145
4729 7146
4786 7147
1881 7148
3443 7149
4982 7150
1737 7151
4573 7152
317 7153
2755 7154
2147 7155
3165 7156
1963 7157
333 7158
3682 7159
1412 7160
4496 7161
676 7162
973 7163
2938 7164
240 7165
2080 7166
3750 7167
4956 7168
3042 7169
2299 7170
3314 7171
170 7172
2604 7173
3043 7174
2312 7175
2533 7176
1424 7177
2179 7178
2534 7179
4296 7180
477 7181
154 7182
2112 7183
4296 7184
1257 7185
3604 7186
1507 7187
4471 7188
294 7189
1416 7190
1161 7191
2309 7192
1458 7193
1834 7194
4678 7195
4544 7196
116 7197
4802 7198
1115 7199
2022 7200
947 7201
277 7202
4448 7203
3280 7204
745 7205
2329 7206
1751 7207
2314 7208
848 7209
4687 7210
1430 7211
4752 7212
3300 7213
996 7214
3613 7215
163 7216
3689 7217
2536 7218
1257 7219
1219 7220
750 7221
4508 7222
2913 7223
3879 7224
2099 7225
941 7226
3031 7227
1716 7228
3687 7229
4102 7230
4593 7231
4899 7232
1284 7233
381 7234
3785 7235
1958 7236
2815 7237
4540 7238
425 7239
3043 7240
835 7241
283 7242
1195 7243
3977 7244
4613 7245
4820 7246
2496 7247
3203 7248
3782 7249
3615 7250
2935 7251
2532 7252
4788 7253
2360 7254
2800 7255
1026 7256
2130 7257
2981 7258
4274 7259
3461 7260
4353 7261
4668 7262
3850 7263
1090 7264
4110 7265
1709 7266
2229 7267
4987 7268
118 7269
3419 7270
1455 7271
4713 7272
2368 7273
3673 7274
3053 7275
4261 7276
4050 7277
922 7278
1832 7279
4090 7280
4943 7281
3202 7282
3507 7283
1856 7284
791 7285
2475 7286
4271 7287
1061 7288
3343 7289
770 7290
381 7291
2044 7292
746 7293
4868 7294
900 7295
2203 7296
2256 7297
3955 7298
1651 7299
2175 7300
887 7301
2462 7302
4153 7303
1419 7304
279 7305
3551 7306
1963 7307
3377 7308
3706 7309
4510 7310
350 7311
368 7312
1660 7313
1559 7314
4750 7315
895 7316
2375 7317
1039 7318
3662 7319
3169 7320
3074 7321
2725 7322
4297 7323
1289 7324
2355 7325
54 7326
648 7327
1719 7328
1330 7329
4649 7330
2661 7331
2124 7332
3048 7333
1077 7334
4111 7335
2970 7336
2713 7337
2519 7338
2159 7339
2896 7340
1534 7341
1080 7342
3594 7343
2525 7344
1733 7345
1247 7346
3872 7347
2378 7348
1780 7349
1755 7350
4661 7351
1709 7352
1972 7353
92 7354
3238 7355
507 7356
1667 7357
4794 7358
350 7359
1598 7360
789 7361
1382 7362
2369 7363
4455 7364
924 7365
656 7366
881 7367
510 7368
2285 7369
3240 7370
535 7371
408 7372
3484 7373
4273 7374
532 7375
152 7376
739 7377
426 7378
2889 7379
2289 7380
3175 7381
3703 7382
3844 7383
2914 7384
1764 7385
1416 7386
3155 7387
2803 7388
4794 7389
105 7390
4614 7391
135 7392
3400 7393
113 7394
3856 7395
2051 7396
1832 7397
4575 7398
294 7399
358 7400
1531 7401
3442 7402
2100 7403
4529 7404
4670 7405
2479 7406
4716 7407
785 7408
3101 7409
4553 7410
1480 7411
3171 7412
959 7413
3483 7414
138 7415
423 7416
1418 7417
1914 7418
970 7419
4536 7420
3081 7421
3985 7422
3704 7423
803 7424
4707 7425
1868 7426
10 7427
3814 7428
3950 7429
4890 7430
1608 7431
1243 7432
2459 7433
1989 7434
3990 7435
2132 7436
1596 7437
3 7438
4818 7439
3833 7440
3251 7441
2986 7442
4134 7443
824 7444
3157 7445
1911 7446
2592 7447
285 7448
1519 7449
3560 7450
2873 7451
3627 7452
2031 7453
347 7454
2467 7455
3945 7456
799 7457
3270 7458
3614 7459
2440 7460
685 7461
2873 7462
4197 7463
1532 7464
3158 7465
2273 7466
3148 7467
3881 7468
3229 7469
1438 7470
1861 7471
3344 7472
1702 7473
4614 7474
1307 7475
1538 7476
256 7477
715 7478
374 7479
956 7480
3194 7481
1699 7482
1025 7483
715 7484
3541 7485
624 7486
872 7487
82 7488
3842 7489
3775 7490
30 7491
1114 7492
1838 7493
4012 7494
4254 7495
4234 7496
2795 7497
3822 7498
2488 7499
1463 7500
3233 7501
2286 7502
294 7503
773 7504
45 7505
1694 7506
2191 7507
926 7508
4672 7509
4144 7510
4 7511
4995 7512
347 7513
4508 7514
1858 7515
3537 7516
2505 7517
2158 7518
1775 7519
1605 7520
1551 7521
671 7522
2816 7523
4580 7524
1903 7525
3011 7526
1394 7527
4764 7528
2779 7529
3460 7530
1424 7531
4823 7532
1664 7533
1733 7534
3613 7535
4985 7536
2112 7537
4313 7538
4714 7539
2863 7540
213 7541
4588 7542
890 7543
2906 7544
195 7545
226 7546
2771 7547
2013 7548
4677 7549
4279 7550
384 7551
1083 7552
2715 7553
4078 7554
2037 7555
837 7556
74 7557
3791 7558
4819 7559
3179 7560
3901 7561
1379 7562
877 7563
2696 7564
3274 7565
4249 7566
970 7567
4483 7568
584 7569
390 7570
1075 7571
2243 7572
920 7573
4728 7574
2559 7575
4834 7576
1033 7577
996 7578
2670 7579
926 7580
1041 7581
529 7582
2027 7583
724 7584
3904 7585
1949 7586
3725 7587
1677 7588
1935 7589
3950 7590
3847 7591
1942 7592
4193 7593
603 7594
4967 7595
2075 7596
4744 7597
2452 7598
1636 7599
180 7600
1452 7601
2911 7602
2212 7603
4450 7604
2224 7605
389 7606
1892 7607
2795 7608
1701 7609
188 7610
4193 7611
2244 7612
1739 7613
902 7614
4383 7615
2375 7616
2229 7617
602 7618
3720 7619
2150 7620
3300 7621
3073 7622
2919 7623
3158 7624
2767 7625
1452 7626
2086 7627
3743 7628
2450 7629
941 7630
2236 7631
4859 7632
1252 7633
3227 7634
2259 7635
4197 7636
4253 7637
2145 7638
889 7639
3980 7640
3816 7641
3377 7642
3717 7643
32 7644
3845 7645
2373 7646
789 7647
2525 7648
3650 7649
3654 7650
2758 7651
558 7652
843 7653
2729 7654
4363 7655
1339 7656
4816 7657
383 7658
4361 7659
4509 7660
1926 7661
1299 7662
4515 7663
1481 7664
4297 7665
522 7666
2393 7667
1684 7668
1832 7669
4254 7670
3902 7671
222 7672
609 7673
131 7674
4122 7675
1610 7676
4126 7677
2830 7678
4165 7679
2837 7680
4136 7681
322 7682
1918 7683
3997 7684
2004 7685
2628 7686
91 7687
3404 7688
539 7689
1146 7690
425 7691
1669 7692
638 7693
3792 7694
335 7695
2646 7696
1513 7697
1811 7698
4758 7699
902 7700
3408 7701
2954 7702
939 7703
2993 7704
4784 7705
1154 7706
2024 7707
2554 7708
743 7709
2680 7710
2551 7711
4616 7712
3502 7713
3188 7714
2177 7715
1124 7716
77 7717
2772 7718
2671 7719
378 7720
1216 7721
3630 7722
2647 7723
1846 7724
2977 7725
667 7726
3912 7727
593 7728
3303 7729
1408 7730
3001 7731
4100 7732
429 7733
3703 7734
1591 7735
1172 7736
3429 7737
4982 7738
2774 7739
1694 7740
4855 7741
1013 7742
1875 7743
3805 7744
1572 7745
4366 7746
2087 7747
546 7748
824 7749
1304 7750
1486 7751
1228 7752
1440 7753
20 7754
4361 7755
2152 7756
800 7757
84 7758
120 7759
2738 7760
4448 7761
296 7762
2276 7763
2317 7764
2968 7765
3404 7766
3340 7767
1047 7768
3641 7769
2447 7770
998 7771
2193 7772
710 7773
596 7774
2649 7775
3221 7776
4251 7777
4334 7778
2864 7779
2969 7780
1932 7781
3888 7782
3809 7783
1795 7784
3578 7785
331 7786
943 7787
2957 7788
2354 7789
3259 7790
645 7791
603 7792
2510 7793
3452 7794
3165 7795
4850 7796
792 7797
3176 7798
1016 7799
779 7800
3595 7801
517 7802
4518 7803
2697 7804
3324 7805
2253 7806
1040 7807
1392 7808
3522 7809
4174 7810
3300 7811
4046 7812
250 7813
4867 7814
2568 7815
3094 7816
1078 7817
2946 7818
3203 7819
3954 7820
2815 7821
1248 7822
601 7823
881 7824
2824 7825
2522 7826
3829 7827
4786 7828
1133 7829
2821 7830
4572 7831
936 7832
4244 7833
3992 7834
431 7835
2878 7836
3570 7837
1648 7838
2801 7839
949 7840
1377 7841
2260 7842
2618 7843
3763 7844
89 7845
35 7846
275 7847
3014 7848
701 7849
3547 7850
3987 7851
330 7852
4823 7853
931 7854
1914 7855
4911 7856
4574 7857
3147 7858
628 7859
1238 7860
2615 7861
4658 7862
4080 7863
2261 7864
4850 7865
2200 7866
4569 7867
3434 7868
2551 7869
2502 7870
1572 7871
4164 7872
3657 7873
3106 7874
1547 7875
2592 7876
4921 7877
2167 7878
4026 7879
1851 7880
1982 7881
1181 7882
4880 7883
523 7884
2411 7885
2333 7886
4401 7887
4203 7888
4721 7889
407 7890
889 7891
3806 7892
791 7893
1919 7894
4731 7895
2371 7896
3527 7897
3373 7898
1499 7899
3850 7900
2764 7901
4445 7902
577 7903
1255 7904
1209 7905
751 7906
2319 7907
2564 7908
147 7909
3255 7910
2108 7911
2308 7912
2769 7913
2727 7914
3434 7915
2301 7916
2074 7917
4692 7918
2997 7919
4373 7920
3536 7921
1143 7922
3982 7923
881 7924
908 7925
4820 7926
4071 7927
3522 7928
627 7929
808 7930
4527 7931
1873 7932
4167 7933
4094 7934
4231 7935
1539 7936
961 7937
371 7938
3134 7939
3968 7940
3093 7941
3971 7942
1859 7943
3961 7944
1990 7945
2899 7946
1473 7947
1153 7948
1701 7949
1465 7950
2760 7951
1214 7952
4604 7953
2793 7954
2473 7955
184 7956
2375 7957
25 7958
298 7959
377 7960
2581 7961
2863 7962
3459 7963
4036 7964
882 7965
4514 7966
3232 7967
4515 7968
3153 7969
2206 7970
1464 7971
2580 7972
3018 7973
4739 7974
1269 7975
3796 7976
3582 7977
1472 7978
1789 7979
4127 7980
1642 7981
861 7982
1096 7983
2926 7984
4819 7985
1166 7986
971 7987
3850 7988
4831 7989
1183 7990
3429 7991
8 7992
4669 7993
1268 7994
4608 7995
4598 7996
3957 7997
2983 7998
1698 7999
1549 8000
3570 8001
2096 8002
1284 8003
1271 8004
3871 8005
1896 8006
683 8007
1738 8008
3096 8009
4358 8010
909 8011
1526 8012
1411 8013
4230 8014
3302 8015
1812 8016
3855 8017
1599 8018
2284 8019
1648 8020
1004 8021
3388 8022
1904 8023
1896 8024
1643 8025
45 8026
254 8027
4909 8028
1366 8029
999 8030
566 8031
4185 8032
1307 8033
3177 8034
2004 8035
2865 8036
3766 8037
1528 8038
3332 8039
1286 8040
1093 8041
1997 8042
2403 8043
1911 8044
216 8045
2678 8046
2026 8047
3121 8048
2464 8049
1099 8050
724 8051
529 8052
2158 8053
417 8054
442 8055
4625 8056
2639 8057
2124 8058
4181 8059
4041 8060
783 8061
3736 8062
1964 8063
840 8064
1005 8065
4721 8066
70 8067
1748 8068
510 8069
1172 8070
2034 8071
4414 8072
1444 8073
430 8074
3037 8075
401 8076
1423 8077
1523 8078
36 8079
1740 8080
1940 8081
665 8082
2106 8083
4542 8084
2646 8085
798 8086
493 8087
4722 8088
4034 8089
2192 8090
3908 8091
2627 8092
1808 8093
1124 8094
4835 8095
2874 8096
615 8097
1064 8098
667 8099
1093 8100
3839 8101
4813 8102
2491 8103
1666 8104
1333 8105
4599 8106
3316 8107
373 8108
3098 8109
4767 8110
219 8111
4430 8112
1893 8113
203 8114
3216 8115
454 8116
2051 8117
2276 8118
4783 8119
588 8120
1052 8121
3304 8122
3460 8123
4555 8124
3199 8125
2305 8126
477 8127
2982 8128
3633 8129
1606 8130
4946 8131
1799 8132
418 8133
3417 8134
3296 8135
4299 8136
1256 8137
673 8138
783 8139
1226 8140
2464 8141
3392 8142
585 8143
3126 8144
2474 8145
1912 8146
108 8147
1595 8148
1885 8149
1273 8150
4465 8151
798 8152
4459 8153
1886 8154
2829 8155
1968 8156
3414 8157
4569 8158
840 8159
1805 8160
2403 8161
1884 8162
1101 8163
4087 8164
3302 8165
4402 8166
4857 8167
441 8168
2254 8169
1492 8170
648 8171
1153 8172
1442 8173
2600 8174
1492 8175
2173 8176
4380 8177
1360 8178
2575 8179
1778 8180
53 8181
3431 8182
4739 8183
3033 8184
569 8185
3889 8186
1279 8187
803 8188
2836 8189
491 8190
2997 8191
4622 8192
3742 8193
4728 8194
522 8195
904 8196
3547 8197
4398 8198
470 8199
627 8200
910 8201
4961 8202
693 8203
1066 8204
3879 8205
1270 8206
1189 8207
2251 8208
2154 8209
1410 8210
1377 8211
1381 8212
4690 8213
3604 8214
4764 8215
2916 8216
1773 8217
865 8218
1810 8219
787 8220
1010 8221
1327 8222
836 8223
3586 8224
3849 8225
3572 8226
3339 8227
4520 8228
3602 8229
1487 8230
4087 8231
34 8232
4888 8233
1278 8234
1903 8235
3436 8236
551 8237
266 8238
2508 8239
2519 8240
3116 8241
1064 8242
3777 8243
4036 8244
2556 8245
3634 8246
4982 8247
2944 8248
472 8249
502 8250
3390 8251
4905 8252
4943 8253
4781 8254
1669 8255
3792 8256
3932 8257
4678 8258
1718 8259
2695 8260
74 8261
731 8262
3707 8263
1245 8264
2397 8265
4549 8266
3998 8267
2296 8268
1931 8269
4668 8270
1704 8271
3474 8272
2362 8273
1617 8274
1313 8275
1630 8276
3412 8277
4040 8278
2023 8279
253 8280
681 8281
16 8282
4258 8283
4396 8284
3035 8285
2773 8286
2391 8287
4441 8288
4048 8289
4912 8290
3795 8291
1982 8292
4267 8293
876 8294
3523 8295
3717 8296
2188 8297
3404 8298
3202 8299
1629 8300
2113 8301
1004 8302
1851 8303
3555 8304
1605 8305
2198 8306
951 8307
380 8308
105 8309
4558 8310
1568 8311
4922 8312
3656 8313
4991 8314
3623 8315
4293 8316
3919 8317
1975 8318
20 8319
4909 8320
1492 8321
3432 8322
908 8323
4421 8324
4949 8325
2649 8326
1775 8327
2081 8328
1325 8329
4845 8330
2242 8331
4748 8332
964 8333
18 8334
3907 8335
307 8336
2564 8337
3069 8338
4468 8339
1454 8340
4019 8341
4139 8342
4953 8343
1136 8344
4501 8345
1075 8346
4965 8347
652 8348
4849 8349
4435 8350
2226 8351
4211 8352
176 8353
3304 8354
4199 8355
1379 8356
2281 8357
3226 8358
127 8359
610 8360
185 8361
3703 8362
4816 8363
452 8364
1433 8365
1670 8366
3953 8367
4217 8368
3040 8369
4023 8370
4072 8371
2579 8372
1858 8373
3721 8374
3634 8375
486 8376
1633 8377
1748 8378
4964 8379
552 8380
547 8381
257 8382
730 8383
3771 8384
1789 8385
4351 8386
782 8387
4713 8388
3351 8389
4535 8390
2059 8391
984 8392
2455 8393
4873 8394
1122 8395
3566 8396
1706 8397
2368 8398
2653 8399
2646 8400
1376 8401
3220 8402
1778 8403
275 8404
3863 8405
151 8406
4187 8407
1973 8408
3475 8409
1627 8410
4571 8411
4330 8412
4893 8413
457 8414
675 8415
1886 8416
1329 8417
2533 8418
3735 8419
2302 8420
2173 8421
3880 8422
1706 8423
1754 8424
4599 8425
1621 8426
97 8427
3241 8428
1894 8429
505 8430
1863 8431
2593 8432
1460 8433
1653 8434
2268 8435
4319 8436
593 8437
29 8438
3 8439
4236 8440
67 8441
2086 8442
1244 8443
1113 8444
3694 8445
2500 8446
1791 8447
2028 8448
4343 8449
3873 8450
411 8451
3051 8452
2997 8453
1621 8454
558 8455
4416 8456
1393 8457
2274 8458
4949 8459
3582 8460
4037 8461
383 8462
1950 8463
3468 8464
492 8465
3144 8466
2796 8467
4975 8468
1145 8469
3636 8470
667 8471
3324 8472
3690 8473
1175 8474
3405 8475
1054 8476
222 8477
3064 8478
4460 8479
2309 8480
4684 8481
4997 8482
1897 8483
2424 8484
3158 8485
1262 8486
221 8487
1804 8488
3694 8489
760 8490
2086 8491
253 8492
1568 8493
1595 8494
11 8495
4852 8496
1753 8497
2118 8498
3283 8499
4602 8500
470 8501
1002 8502
347 8503
4925 8504
471 8505
3700 8506
447 8507
328 8508
1909 8509
1350 8510
3652 8511
479 8512
4522 8513
360 8514
3019 8515
836 8516
760 8517
3291 8518
2424 8519
2459 8520
2901 8521
1071 8522
2187 8523
4941 8524
918 8525
4110 8526
4422 8527
435 8528
1298 8529
2528 8530
689 8531
513 8532
984 8533
840 8534
2795 8535
4366 8536
2082 8537
2839 8538
4338 8539
3368 8540
2580 8541
1935 8542
1685 8543
4469 8544
1568 8545
2250 8546
2335 8547
799 8548
2532 8549
2413 8550
1246 8551
1264 8552
3191 8553
2799 8554
1901 8555
2591 8556
2143 8557
414 8558
4215 8559
4081 8560
3495 8561
4997 8562
710 8563
4347 8564
2031 8565
3310 8566
187 8567
2151 8568
3508 8569
4598 8570
1942 8571
3398 8572
4058 8573
1913 8574
1535 8575
3541 8576
1847 8577
3556 8578
2678 8579
2546 8580
2665 8581
4778 8582
3657 8583
1577 8584
4819 8585
1136 8586
4380 8587
1938 8588
4996 8589
2213 8590
3542 8591
4293 8592
1024 8593
2444 8594
2777 8595
3233 8596
4348 8597
557 8598
4282 8599
657 8600
2508 8601
587 8602
2162 8603
1897 8604
4023 8605
2062 8606
1300 8607
439 8608
1925 8609
4460 8610
80 8611
2869 8612
1744 8613
3523 8614
3975 8615
2558 8616
1353 8617
1339 8618
2048 8619
2743 8620
1156 8621
4354 8622
1675 8623
1984 8624
4342 8625
87 8626
60 8627
323 8628
3902 8629
1707 8630
1961 8631
4668 8632
690 8633
245 8634
3175 8635
1905 8636
3156 8637
2373 8638
891 8639
4245 8640
4453 8641
3515 8642
2613 8643
1815 8644
583 8645
465 8646
4409 8647
1848 8648
1905 8649
4262 8650
4993 8651
3021 8652
4231 8653
1972 8654
2469 8655
2170 8656
2753 8657
4813 8658
2229 8659
328 8660
821 8661
4033 8662
224 8663
1375 8664
4671 8665
307 8666
822 8667
1416 8668
759 8669
4822 8670
1411 8671
1980 8672
2084 8673
2641 8674
3780 8675
457 8676
856 8677
2170 8678
1751 8679
1191 8680
3900 8681
3594 8682
878 8683
1813 8684
4758 8685
1117 8686
2669 8687
3346 8688
567 8689
2502 8690
4925 8691
1217 8692
2162 8693
96 8694
3959 8695
4843 8696
4914 8697
1415 8698
748 8699
515 8700
1371 8701
64 8702
245 8703
2007 8704
4092 8705
2751 8706
1895 8707
891 8708
3 8709
3352 8710
681 8711
4738 8712
2537 8713
3088 8714
3337 8715
1951 8716
736 8717
4820 8718
1907 8719
344 8720
3714 8721
706 8722
827 8723
1445 8724
1372 8725
3367 8726
2638 8727
2080 8728
2427 8729
968 8730
4572 8731
2549 8732
381 8733
2973 8734
3201 8735
1163 8736
4756 8737
4195 8738
700 8739
1236 8740
1318 8741
4009 8742
999 8743
1818 8744
1864 8745
2630 8746
4200 8747
2290 8748
3789 8749
2561 8750
2167 8751
405 8752
361 8753
1504 8754
817 8755
1028 8756
2667 8757
1533 8758
852 8759
1429 8760
3226 8761
3038 8762
2645 8763
1348 8764
1183 8765
3172 8766
3975 8767
4859 8768
3900 8769
1855 8770
980 8771
636 8772
2795 8773
2287 8774
2624 8775
3094 8776
3706 8777
1638 8778
2340 8779
2175 8780
3005 8781
3036 8782
17 8783
3177 8784
2525 8785
2579 8786
2277 8787
3240 8788
1120 8789
1500 8790
1083 8791
4178 8792
2712 8793
3457 8794
1822 8795
72 8796
1328 8797
3429 8798
310 8799
1981 8800
2965 8801
673 8802
4487 8803
2028 8804
2657 8805
3849 8806
2829 8807
4943 8808
3198 8809
2894 8810
2597 8811
2509 8812
1633 8813
4157 8814
448 8815
2947 8816
4997 8817
2208 8818
4097 8819
2911 8820
1497 8821
4387 8822
929 8823
4024 8824
3524 8825
1425 8826
464 8827
4602 8828
2529 8829
4032 8830
3375 8831
4985 8832
3398 8833
2267 8834
1708 8835
1068 8836
2753 8837
3039 8838
4006 8839
612 8840
1020 8841
4784 8842
4082 8843
221 8844
384 8845
3052 8846
3037 8847
1412 8848
3649 8849
3736 8850
1131 8851
361 8852
497 8853
2762 8854
2575 8855
999 8856
4383 8857
3974 8858
131 8859
4610 8860
1193 8861
1181 8862
3923 8863
4272 8864
4959 8865
2244 8866
2405 8867
507 8868
1858 8869
649 8870
3667 8871
2990 8872
3933 8873
2986 8874
4109 8875
494 8876
1363 8877
529 8878
2480 8879
2675 8880
4897 8881
3875 8882
4740 8883
4167 8884
2277 8885
3945 8886
3861 8887
3614 8888
4552 8889
3737 8890
4423 8891
1327 8892
2888 8893
829 8894
591 8895
2650 8896
720 8897
115 8898
2304 8899
818 8900
3444 8901
2223 8902
4444 8903
2373 8904
1472 8905
1550 8906
4260 8907
4537 8908
1368 8909
2148 8910
3593 8911
481 8912
702 8913
1633 8914
555 8915
2233 8916
4623 8917
3400 8918
2210 8919
1718 8920
2143 8921
3408 8922
2908 8923
3705 8924
3414 8925
374 8926
4374 8927
2030 8928
1530 8929
2690 8930
870 8931
3496 8932
3447 8933
1449 8934
4088 8935
1464 8936
2021 8937
2355 8938
2088 8939
4581 8940
1898 8941
2150 8942
3544 8943
2678 8944
4103 8945
1619 8946
1874 8947
2950 8948
550 8949
4111 8950
2936 8951
335 8952
4740 8953
1284 8954
1121 8955
4490 8956
4428 8957
3665 8958
1919 8959
2269 8960
4853 8961
4608 8962
4071 8963
1598 8964
3660 8965
71 8966
2705 8967
2607 8968
1205 8969
113 8970
2185 8971
3883 8972
838 8973
1757 8974
156 8975
593 8976
3148 8977
1807 8978
2335 8979
2966 8980
4467 8981
2742 8982
1469 8983
4127 8984
2080 8985
3494 8986
4407 8987
216 8988
2817 8989
3766 8990
1153 8991
94 8992
391 8993
1645 8994
4379 8995
1436 8996
3874 8997
2441 8998
1053 8999
2788 9000
3494 9001
4600 9002
4574 9003
4491 9004
774 9005
874 9006
839 9007
1890 9008
270 9009
2471 9010
3243 9011
1027 9012
476 9013
2405 9014
594 9015
169 9016
602 9017
3996 9018
1310 9019
675 9020
2397 9021
2958 9022
1733 9023
4642 9024
1698 9025
4105 9026
233 9027
2577 9028
274 9029
967 9030
1709 9031
3628 9032
1675 9033
3960 9034
3553 9035
1708 9036
1753 9037
4158 9038
3119 9039
1643 9040
2372 9041
4481 9042
174 9043
290 9044
4612 9045
3732 9046
3215 9047
171 9048
3898 9049
2352 9050
1342 9051
1684 9052
3377 9053
2735 9054
4595 9055
4689 9056
101 9057
660 9058
1578 9059
3381 9060
971 9061
3433 9062
136 9063
4698 9064
1305 9065
1401 9066
2152 9067
1863 9068
4679 9069
4943 9070
2413 9071
2865 9072
2438 9073
1543 9074
208 9075
1550 9076
2600 9077
499 9078
123 9079
486 9080
2801 9081
416 9082
3287 9083
82 9084
1196 9085
1043 9086
4099 9087
4186 9088
3008 9089
2814 9090
4863 9091
3233 9092
3773 9093
144 9094
1920 9095
4668 9096
4026 9097
731 9098
2676 9099
2307 9100
1225 9101
783 9102
1488 9103
4911 9104
2301 9105
191 9106
3624 9107
549 9108
3794 9109
1235 9110
3928 9111
2641 9112
1454 9113
3950 9114
200 9115
1502 9116
4918 9117
2809 9118
1421 9119
1189 9120
604 9121
4903 9122
269 9123
4773 9124
3416 9125
82 9126
531 9127
4618 9128
4253 9129
1358 9130
2861 9131
1417 9132
3918 9133
3445 9134
466 9135
2306 9136
3800 9137
331 9138
2743 9139
1823 9140
545 9141
914 9142
660 9143
37 9144
81 9145
473 9146
571 9147
4296 9148
3840 9149
3872 9150
3392 9151
1163 9152
1920 9153
1328 9154
1183 9155
4432 9156
3797 9157
1984 9158
1258 9159
3037 9160
2482 9161
2219 9162
251 9163
3592 9164
2750 9165
1144 9166
121 9167
1989 9168
2087 9169
4162 9170
3086 9171
933 9172
1597 9173
962 9174
3704 9175
3481 9176
4450 9177
1409 9178
4926 9179
1143 9180
3649 9181
2594 9182
4198 9183
284 9184
997 9185
391 9186
3564 9187
4667 9188
1275 9189
2731 9190
2813 9191
821 9192
2522 9193
1152 9194
2821 9195
4257 9196
4641 9197
1850 9198
814 9199
534 9200
2859 9201
1716 9202
4979 9203
2231 9204
2623 9205
2017 9206
3796 9207
3422 9208
874 9209
2710 9210
1994 9211
748 9212
4729 9213
1014 9214
909 9215
527 9216
2953 9217
2157 9218
1035 9219
1190 9220
834 9221
4489 9222
724 9223
2969 9224
3188 9225
1062 9226
588 9227
4860 9228
672 9229
4442 9230
3025 9231
1925 9232
658 9233
1929 9234
3646 9235
556 9236
1758 9237
4473 9238
1791 9239
2715 9240
3976 9241
1463 9242
4774 9243
2302 9244
1624 9245
388 9246
2414 9247
2349 9248
3454 9249
2291 9250
1493 9251
3503 9252
3227 9253
4804 9254
3943 9255
194 9256
4912 9257
2150 9258
4536 9259
104 9260
2154 9261
4784 9262
122 9263
2019 9264
2807 9265
2729 9266
1889 9267
2309 9268
2994 9269
4632 9270
1435 9271
4393 9272
1693 9273
2054 9274
2772 9275
3790 9276
4111 9277
1188 9278
3792 9279
2541 9280
1476 9281
2591 9282
2106 9283
4369 9284
4525 9285
1507 9286
469 9287
4543 9288
3135 9289
3518 9290
2153 9291
4022 9292
1256 9293
2956 9294
57 9295
4080 9296
2167 9297
948 9298
706 9299
2145 9300
1092 9301
784 9302
3286 9303
56 9304
2504 9305
2234 9306
3690 9307
1452 9308
589 9309
2566 9310
1405 9311
840 9312
1537 9313
2155 9314
474 9315
338 9316
4336 9317
3342 9318
1727 9319
1009 9320
1608 9321
3800 9322
1895 9323
3365 9324
3145 9325
486 9326
4205 9327
1547 9328
2684 9329
714 9330
371 9331
2977 9332
4434 9333
4896 9334
4097 9335
2551 9336
433 9337
4820 9338
2273 9339
855 9340
4155 9341
3426 9342
571 9343
1622 9344
2007 9345
141 9346
1237 9347
3987 9348
3124 9349
3804 9350
1493 9351
1455 9352
163 9353
2227 9354
1490 9355
910 9356
3845 9357
350 9358
2991 9359
1965 9360
1077 9361
4523 9362
1586 9363
1508 9364
3335 9365
3688 9366
2436 9367
3295 9368
584 9369
458 9370
3697 9371
2519 9372
4832 9373
4120 9374
2891 9375
1134 9376
726 9377
4615 9378
2 9379
3379 9380
1050 9381
2303 9382
895 9383
2922 9384
4177 9385
1398 9386
2401 9387
3224 9388
2380 9389
276 9390
2496 9391
822 9392
2378 9393
4935 9394
2631 9395
1003 9396
3336 9397
2560 9398
1991 9399
1647 9400
1374 9401
3165 9402
2946 9403
3525 9404
2340 9405
4216 9406
1157 9407
801 9408
4916 9409
400 9410
3882 9411
3139 9412
737 9413
2998 9414
3949 9415
1554 9416
1801 9417
3979 9418
2061 9419
2900 9420
1935 9421
1672 9422
3917 9423
2708 9424
468 9425
110 9426
4452 9427
1910 9428
839 9429
1664 9430
1570 9431
1608 9432
1226 9433
4253 9434
972 9435
1977 9436
3327 9437
1962 9438
2209 9439
1686 9440
1811 9441
1224 9442
3725 9443
3914 9444
3434 9445
3729 9446
4254 9447
4206 9448
2267 9449
2697 9450
4406 9451
3553 9452
2085 9453
163 9454
809 9455
162 9456
1466 9457
3273 9458
2800 9459
4540 9460
243 9461
2064 9462
2868 9463
1817 9464
2413 9465
635 9466
1926 9467
4770 9468
3602 9469
358 9470
1311 9471
2262 9472
2490 9473
342 9474
1883 9475
4609 9476
620 9477
4320 9478
3836 9479
1302 9480
888 9481
3648 9482
412 9483
4825 9484
4871 9485
587 9486
4611 9487
4822 9488
341 9489
1014 9490
3858 9491
4158 9492
4573 9493
1808 9494
2702 9495
555 9496
2749 9497
2589 9498
4769 9499
3753 9500
3668 9501
1085 9502
1078 9503
104 9504
274 9505
4380 9506
1676 9507
151 9508
167 9509
1043 9510
3765 9511
1748 9512
214 9513
760 9514
3719 9515
4609 9516
4259 9517
2001 9518
1346 9519
1273 9520
2603 9521
4991 9522
851 9523
3123 9524
4315 9525
3160 9526
1936 9527
1277 9528
2828 9529
4925 9530
1661 9531
638 9532
3189 9533
2805 9534
3711 9535
1269 9536
2330 9537
2793 9538
2927 9539
1493 9540
2411 9541
2155 9542
3538 9543
781 9544
2184 9545
3025 9546
2238 9547
1827 9548
3379 9549
2142 9550
4927 9551
434 9552
1542 9553
4690 9554
739 9555
3748 9556
1888 9557
4832 9558
394 9559
4313 9560
2090 9561
3585 9562
1266 9563
4855 9564
1526 9565
632 9566
4834 9567
380 9568
1906 9569
637 9570
4734 9571
3379 9572
4081 9573
4590 9574
2234 9575
1588 9576
3203 9577
35 9578
923 9579
4727 9580
591 9581
3496 9582
4386 9583
1705 9584
2062 9585
201 9586
3682 9587
4904 9588
1097 9589
2521 9590
2484 9591
2396 9592
517 9593
4579 9594
984 9595
1863 9596
2734 9597
3892 9598
4119 9599
6 9600
1722 9601
2497 9602
4391 9603
3808 9604
1600 9605
4501 9606
4591 9607
1455 9608
1297 9609
1982 9610
2388 9611
3740 9612
109 9613
1 9614
3875 9615
824 9616
1305 9617
4442 9618
1879 9619
1488 9620
3216 9621
2833 9622
4429 9623
3440 9624
871 9625
1745 9626
254 9627
3140 9628
2261 9629
1131 9630
2430 9631
4587 9632
1651 9633
4627 9634
699 9635
1805 9636
1088 9637
2257 9638
4391 9639
2846 9640
2265 9641
4122 9642
1289 9643
1395 9644
1383 9645
4272 9646
4897 9647
933 9648
265 9649
3167 9650
3499 9651
4420 9652
4212 9653
4897 9654
3646 9655
1693 9656
4759 9657
4525 9658
3414 9659
4495 9660
252 9661
4572 9662
214 9663
1506 9664
3804 9665
44 9666
1194 9667
2417 9668
2826 9669
208 9670
1611 9671
634 9672
2987 9673
4543 9674
1020 9675
2940 9676
3020 9677
1444 9678
4078 9679
2584 9680
2709 9681
4959 9682
3215 9683
2875 9684
1445 9685
3754 9686
2135 9687
4346 9688
3798 9689
2422 9690
2374 9691
3919 9692
1546 9693
1190 9694
2504 9695
4484 9696
3606 9697
2900 9698
2683 9699
1717 9700
4021 9701
4388 9702
275 9703
4331 9704
352 9705
4702 9706
3708 9707
718 9708
557 9709
2567 9710
3160 9711
3738 9712
1254 9713
4002 9714
2200 9715
4821 9716
4740 9717
4194 9718
2016 9719
1000 9720
3451 9721
540 9722
15 9723
1501 9724
2911 9725
1643 9726
4988 9727
2416 9728
2559 9729
2412 9730
2944 9731
4568 9732
1577 9733
43 9734
3367 9735
320 9736
2863 9737
1117 9738
216 9739
4257 9740
4225 9741
2904 9742
4008 9743
1995 9744
3523 9745
2312 9746
2065 9747
4251 9748
2544 9749
2459 9750
2761 9751
359 9752
1958 9753
2351 9754
2952 9755
48 9756
2508 9757
3570 9758
3474 9759
4375 9760
4945 9761
626 9762
3487 9763
1323 9764
4327 9765
1639 9766
2383 9767
162 9768
1265 9769
374 9770
681 9771
182 9772
3416 9773
2471 9774
1373 9775
2362 9776
452 9777
4737 9778
1993 9779
645 9780
3537 9781
3468 9782
1730 9783
4070 9784
872 9785
3087 9786
1539 9787
1697 9788
959 9789
1059 9790
3354 9791
1304 9792
1124 9793
192 9794
2329 9795
3894 9796
2494 9797
622 9798
2242 9799
2824 9800
2916 9801
2959 9802
671 9803
605 9804
2219 9805
4428 9806
1825 9807
3951 9808
1825 9809
1189 9810
3831 9811
578 9812
3327 9813
1892 9814
3634 9815
653 9816
2287 9817
1884 9818
4862 9819
4071 9820
3051 9821
182 9822
3444 9823
3788 9824
1998 9825
3820 9826
3989 9827
2448 9828
4302 9829
4354 9830
2985 9831
4147 9832
186 9833
3354 9834
3330 9835
3661 9836
3880 9837
4455 9838
2586 9839
3820 9840
1899 9841
2716 9842
2004 9843
2811 9844
1683 9845
1085 9846
3842 9847
3269 9848
2149 9849
174 9850
4051 9851
819 9852
1029 9853
2923 9854
4375 9855
4819 9856
1785 9857
2592 9858
1189 9859
410 9860
3832 9861
2178 9862
4772 9863
4610 9864
1522 9865
2709 9866
1697 9867
1279 9868
1346 9869
4680 9870
1002 9871
1430 9872
2081 9873
2662 9874
832 9875
432 9876
2533 9877
4150 9878
1770 9879
3022 9880
1410 9881
525 9882
663 9883
1613 9884
3535 9885
1018 9886
1900 9887
2028 9888
2476 9889
2651 9890
1456 9891
4995 9892
2627 9893
422 9894
4579 9895
2638 9896
3149 9897
1706 9898
4158 9899
874 9900
4486 9901
911 9902
3999 9903
352 9904
1020 9905
4971 9906
2211 9907
320 9908
2803 9909
103 9910
258 9911
2351 9912
4333 9913
2265 9914
3301 9915
2148 9916
3904 9917
2651 9918
4659 9919
991 9920
4912 9921
2972 9922
2749 9923
2212 9924
4695 9925
1862 9926
574 9927
759 9928
2906 9929
4392 9930
1759 9931
4191 9932
102 9933
940 9934
4162 9935
2096 9936
674 9937
1419 9938
1237 9939
4307 9940
2511 9941
4944 9942
2265 9943
1641 9944
1262 9945
3627 9946
3764 9947
4681 9948
2400 9949
223 9950
1412 9951
854 9952
4940 9953
901 9954
2301 9955
788 9956
4900 9957
186 9958
4972 9959
4444 9960
873 9961
2647 9962
2053 9963
694 9964
4689 9965
1775 9966
1426 9967
4510 9968
1318 9969
1615 9970
4509 9971
1322 9972
2440 9973
1657 9974
4801 9975
915 9976
317 9977
137 9978
3123 9979
1419 9980
3984 9981
2580 9982
502 9983
4238 9984
2256 9985
1077 9986
1080 9987
1548 9988
3339 9989
4370 9990
3415 9991
501 9992
3211 9993
3415 9994
4632 9995
3638 9996
3367 9997
1873 9998
313 9999
3923 10000
