9799
1 2
2 3
3 4
4 5
5 6
6 7
7 8
8 9
9 10
10 11
11 12
12 13
13 14
14 15
15 16
16 17
17 18
18 19
19 20
20 21
21 22
22 23
23 24
24 25
25 26
26 27
27 28
28 29
29 30
30 31
31 32
32 33
33 34
34 35
35 36
36 37
37 38
38 39
39 40
40 41
41 42
42 43
43 44
44 45
45 46
46 47
47 48
48 49
49 50
50 51
51 52
52 53
53 54
54 55
55 56
56 57
57 58
58 59
59 60
60 61
61 62
62 63
63 64
64 65
65 66
66 67
67 68
68 69
69 70
70 71
71 72
72 73
73 74
74 75
75 76
76 77
77 78
78 79
79 80
80 81
81 82
82 83
83 84
84 85
85 86
86 87
87 88
88 89
89 90
90 91
91 92
92 93
93 94
94 95
95 96
96 97
97 98
98 99
99 100
100 101
101 102
102 103
103 104
104 105
105 106
106 107
107 108
108 109
109 110
110 111
111 112
112 113
113 114
114 115
115 116
116 117
117 118
118 119
119 120
120 121
121 122
122 123
123 124
124 125
125 126
126 127
127 128
128 129
129 130
130 131
131 132
132 133
133 134
134 135
135 136
136 137
137 138
138 139
139 140
140 141
141 142
142 143
143 144
144 145
145 146
146 147
147 148
148 149
149 150
150 151
151 152
152 153
153 154
154 155
155 156
156 157
157 158
158 159
159 160
160 161
161 162
162 163
163 164
164 165
165 166
166 167
167 168
168 169
169 170
170 171
171 172
172 173
173 174
174 175
175 176
176 177
177 178
178 179
179 180
180 181
181 182
182 183
183 184
184 185
185 186
186 187
187 188
188 189
189 190
190 191
191 192
192 193
193 194
194 195
195 196
196 197
197 198
198 199
199 200
200 201
201 202
202 203
203 204
204 205
205 206
206 207
207 208
208 209
209 210
210 211
211 212
212 213
213 214
214 215
215 216
216 217
217 218
218 219
219 220
220 221
221 222
222 223
223 224
224 225
225 226
226 227
227 228
228 229
229 230
230 231
231 232
232 233
233 234
234 235
235 236
236 237
237 238
238 239
239 240
240 241
241 242
242 243
243 244
244 245
245 246
246 247
247 248
248 249
249 250
250 251
251 252
252 253
253 254
254 255
255 256
256 257
257 258
258 259
259 260
260 261
261 262
262 263
263 264
264 265
265 266
266 267
267 268
268 269
269 270
270 271
271 272
272 273
273 274
274 275
275 276
276 277
277 278
278 279
279 280
280 281
281 282
282 283
283 284
284 285
285 286
286 287
287 288
288 289
289 290
290 291
291 292
292 293
293 294
294 295
295 296
296 297
297 298
298 299
299 300
300 301
301 302
302 303
303 304
304 305
305 306
306 307
307 308
308 309
309 310
310 311
311 312
312 313
313 314
314 315
315 316
316 317
317 318
318 319
319 320
320 321
321 322
322 323
323 324
324 325
325 326
326 327
327 328
328 329
329 330
330 331
331 332
332 333
333 334
334 335
335 336
336 337
337 338
338 339
339 340
340 341
341 342
342 343
343 344
344 345
345 346
346 347
347 348
348 349
349 350
350 351
351 352
352 353
353 354
354 355
355 356
356 357
357 358
358 359
359 360
360 361
361 362
362 363
363 364
364 365
365 366
366 367
367 368
368 369
369 370
370 371
371 372
372 373
373 374
374 375
375 376
376 377
377 378
378 379
379 380
380 381
381 382
382 383
383 384
384 385
385 386
386 387
387 388
388 389
389 390
390 391
391 392
392 393
393 394
394 395
395 396
396 397
397 398
398 399
399 400
400 401
401 402
402 403
403 404
404 405
405 406
406 407
407 408
408 409
409 410
410 411
411 412
412 413
413 414
414 415
415 416
416 417
417 418
418 419
419 420
420 421
421 422
422 423
423 424
424 425
425 426
426 427
427 428
428 429
429 430
430 431
431 432
432 433
433 434
434 435
435 436
436 437
437 438
438 439
439 440
440 441
441 442
442 443
443 444
444 445
445 446
446 447
447 448
448 449
449 450
450 451
451 452
452 453
453 454
454 455
455 456
456 457
457 458
458 459
459 460
460 461
461 462
462 463
463 464
464 465
465 466
466 467
467 468
468 469
469 470
470 471
471 472
472 473
473 474
474 475
475 476
476 477
477 478
478 479
479 480
480 481
481 482
482 483
483 484
484 485
485 486
486 487
487 488
488 489
489 490
490 491
491 492
492 493
493 494
494 495
495 496
496 497
497 498
498 499
499 500
500 501
501 502
502 503
503 504
504 505
505 506
506 507
507 508
508 509
509 510
510 511
511 512
512 513
513 514
514 515
515 516
516 517
517 518
518 519
519 520
520 521
521 522
522 523
523 524
524 525
525 526
526 527
527 528
528 529
529 530
530 531
531 532
532 533
533 534
534 535
535 536
536 537
537 538
538 539
539 540
540 541
541 542
542 543
543 544
544 545
545 546
546 547
547 548
548 549
549 550
550 551
551 552
552 553
553 554
554 555
555 556
556 557
557 558
558 559
559 560
560 561
561 562
562 563
563 564
564 565
565 566
566 567
567 568
568 569
569 570
570 571
571 572
572 573
573 574
574 575
575 576
576 577
577 578
578 579
579 580
580 581
581 582
582 583
583 584
584 585
585 586
586 587
587 588
588 589
589 590
590 591
591 592
592 593
593 594
594 595
595 596
596 597
597 598
598 599
599 600
600 601
601 602
602 603
603 604
604 605
605 606
606 607
607 608
608 609
609 610
610 611
611 612
612 613
613 614
614 615
615 616
616 617
617 618
618 619
619 620
620 621
621 622
622 623
623 624
624 625
625 626
626 627
627 628
628 629
629 630
630 631
631 632
632 633
633 634
634 635
635 636
636 637
637 638
638 639
639 640
640 641
641 642
642 643
643 644
644 645
645 646
646 647
647 648
648 649
649 650
650 651
651 652
652 653
653 654
654 655
655 656
656 657
657 658
658 659
659 660
660 661
661 662
662 663
663 664
664 665
665 666
666 667
667 668
668 669
669 670
670 671
671 672
672 673
673 674
674 675
675 676
676 677
677 678
678 679
679 680
680 681
681 682
682 683
683 684
684 685
685 686
686 687
687 688
688 689
689 690
690 691
691 692
692 693
693 694
694 695
695 696
696 697
697 698
698 699
699 700
700 701
701 702
702 703
703 704
704 705
705 706
706 707
707 708
708 709
709 710
710 711
711 712
712 713
713 714
714 715
715 716
716 717
717 718
718 719
719 720
720 721
721 722
722 723
723 724
724 725
725 726
726 727
727 728
728 729
729 730
730 731
731 732
732 733
733 734
734 735
735 736
736 737
737 738
738 739
739 740
740 741
741 742
742 743
743 744
744 745
745 746
746 747
747 748
748 749
749 750
750 751
751 752
752 753
753 754
754 755
755 756
756 757
757 758
758 759
759 760
760 761
761 762
762 763
763 764
764 765
765 766
766 767
767 768
768 769
769 770
770 771
771 772
772 773
773 774
774 775
775 776
776 777
777 778
778 779
779 780
780 781
781 782
782 783
783 784
784 785
785 786
786 787
787 788
788 789
789 790
790 791
791 792
792 793
793 794
794 795
795 796
796 797
797 798
798 799
799 800
800 801
801 802
802 803
803 804
804 805
805 806
806 807
807 808
808 809
809 810
810 811
811 812
812 813
813 814
814 815
815 816
816 817
817 818
818 819
819 820
820 821
821 822
822 823
823 824
824 825
825 826
826 827
827 828
828 829
829 830
830 831
831 832
832 833
833 834
834 835
835 836
836 837
837 838
838 839
839 840
840 841
841 842
842 843
843 844
844 845
845 846
846 847
847 848
848 849
849 850
850 851
851 852
852 853
853 854
854 855
855 856
856 857
857 858
858 859
859 860
860 861
861 862
862 863
863 864
864 865
865 866
866 867
867 868
868 869
869 870
870 871
871 872
872 873
873 874
874 875
875 876
876 877
877 878
878 879
879 880
880 881
881 882
882 883
883 884
884 885
885 886
886 887
887 888
888 889
889 890
890 891
891 892
892 893
893 894
894 895
895 896
896 897
897 898
898 899
899 900
900 901
901 902
902 903
903 904
904 905
905 906
906 907
907 908
908 909
909 910
910 911
911 912
912 913
913 914
914 915
915 916
916 917
917 918
918 919
919 920
920 921
921 922
922 923
923 924
924 925
925 926
926 927
927 928
928 929
929 930
930 931
931 932
932 933
933 934
934 935
935 936
936 937
937 938
938 939
939 940
940 941
941 942
942 943
943 944
944 945
945 946
946 947
947 948
948 949
949 950
950 951
951 952
952 953
953 954
954 955
955 956
956 957
957 958
958 959
959 960
960 961
961 962
962 963
963 964
964 965
965 966
966 967
967 968
968 969
969 970
970 971
971 972
972 973
973 974
974 975
975 976
976 977
977 978
978 979
979 980
980 981
981 982
982 983
983 984
984 985
985 986
986 987
987 988
988 989
989 990
990 991
991 992
992 993
993 994
994 995
995 996
996 997
997 998
998 999
999 1000
1000 1001
1001 1002
1002 1003
1003 1004
1004 1005
1005 1006
1006 1007
1007 1008
1008 1009
1009 1010
1010 1011
1011 1012
1012 1013
1013 1014
1014 1015
1015 1016
1016 1017
1017 1018
1018 1019
1019 1020
1020 1021
1021 1022
1022 1023
1023 1024
1024 1025
1025 1026
1026 1027
1027 1028
1028 1029
1029 1030
1030 1031
1031 1032
1032 1033
1033 1034
1034 1035
1035 1036
1036 1037
1037 1038
1038 1039
1039 1040
1040 1041
1041 1042
1042 1043
1043 1044
1044 1045
1045 1046
1046 1047
1047 1048
1048 1049
1049 1050
1050 1051
1051 1052
1052 1053
1053 1054
1054 1055
1055 1056
1056 1057
1057 1058
1058 1059
1059 1060
1060 1061
1061 1062
1062 1063
1063 1064
1064 1065
1065 1066
1066 1067
1067 1068
1068 1069
1069 1070
1070 1071
1071 1072
1072 1073
1073 1074
1074 1075
1075 1076
1076 1077
1077 1078
1078 1079
1079 1080
1080 1081
1081 1082
1082 1083
1083 1084
1084 1085
1085 1086
1086 1087
1087 1088
1088 1089
1089 1090
1090 1091
1091 1092
1092 1093
1093 1094
1094 1095
1095 1096
1096 1097
1097 1098
1098 1099
1099 1100
1100 1101
1101 1102
1102 1103
1103 1104
1104 1105
1105 1106
1106 1107
1107 1108
1108 1109
1109 1110
1110 1111
1111 1112
1112 1113
1113 1114
1114 1115
1115 1116
1116 1117
1117 1118
1118 1119
1119 1120
1120 1121
1121 1122
1122 1123
1123 1124
1124 1125
1125 1126
1126 1127
1127 1128
1128 1129
1129 1130
1130 1131
1131 1132
1132 1133
1133 1134
1134 1135
1135 1136
1136 1137
1137 1138
1138 1139
1139 1140
1140 1141
1141 1142
1142 1143
1143 1144
1144 1145
1145 1146
1146 1147
1147 1148
1148 1149
1149 1150
1150 1151
1151 1152
1152 1153
1153 1154
1154 1155
1155 1156
1156 1157
1157 1158
1158 1159
1159 1160
1160 1161
1161 1162
1162 1163
1163 1164
1164 1165
1165 1166
1166 1167
1167 1168
1168 1169
1169 1170
1170 1171
1171 1172
1172 1173
1173 1174
1174 1175
1175 1176
1176 1177
1177 1178
1178 1179
1179 1180
1180 1181
1181 1182
1182 1183
1183 1184
1184 1185
1185 1186
1186 1187
1187 1188
1188 1189
1189 1190
1190 1191
1191 1192
1192 1193
1193 1194
1194 1195
1195 1196
1196 1197
1197 1198
1198 1199
1199 1200
1200 1201
1201 1202
1202 1203
1203 1204
1204 1205
1205 1206
1206 1207
1207 1208
1208 1209
1209 1210
1210 1211
1211 1212
1212 1213
1213 1214
1214 1215
1215 1216
1216 1217
1217 1218
1218 1219
1219 1220
1220 1221
1221 1222
1222 1223
1223 1224
1224 1225
1225 1226
1226 1227
1227 1228
1228 1229
1229 1230
1230 1231
1231 1232
1232 1233
1233 1234
1234 1235
1235 1236
1236 1237
1237 1238
1238 1239
1239 1240
1240 1241
1241 1242
1242 1243
1243 1244
1244 1245
1245 1246
1246 1247
1247 1248
1248 1249
1249 1250
1250 1251
1251 1252
1252 1253
1253 1254
1254 1255
1255 1256
1256 1257
1257 1258
1258 1259
1259 1260
1260 1261
1261 1262
1262 1263
1263 1264
1264 1265
1265 1266
1266 1267
1267 1268
1268 1269
1269 1270
1270 1271
1271 1272
1272 1273
1273 1274
1274 1275
1275 1276
1276 1277
1277 1278
1278 1279
1279 1280
1280 1281
1281 1282
1282 1283
1283 1284
1284 1285
1285 1286
1286 1287
1287 1288
1288 1289
1289 1290
1290 1291
1291 1292
1292 1293
1293 1294
1294 1295
1295 1296
1296 1297
1297 1298
1298 1299
1299 1300
1300 1301
1301 1302
1302 1303
1303 1304
1304 1305
1305 1306
1306 1307
1307 1308
1308 1309
1309 1310
1310 1311
1311 1312
1312 1313
1313 1314
1314 1315
1315 1316
1316 1317
1317 1318
1318 1319
1319 1320
1320 1321
1321 1322
1322 1323
1323 1324
1324 1325
1325 1326
1326 1327
1327 1328
1328 1329
1329 1330
1330 1331
1331 1332
1332 1333
1333 1334
1334 1335
1335 1336
1336 1337
1337 1338
1338 1339
1339 1340
1340 1341
1341 1342
1342 1343
1343 1344
1344 1345
1345 1346
1346 1347
1347 1348
1348 1349
1349 1350
1350 1351
1351 1352
1352 1353
1353 1354
1354 1355
1355 1356
1356 1357
1357 1358
1358 1359
1359 1360
1360 1361
1361 1362
1362 1363
1363 1364
1364 1365
1365 1366
1366 1367
1367 1368
1368 1369
1369 1370
1370 1371
1371 1372
1372 1373
1373 1374
1374 1375
1375 1376
1376 1377
1377 1378
1378 1379
1379 1380
1380 1381
1381 1382
1382 1383
1383 1384
1384 1385
1385 1386
1386 1387
1387 1388
1388 1389
1389 1390
1390 1391
1391 1392
1392 1393
1393 1394
1394 1395
1395 1396
1396 1397
1397 1398
1398 1399
1399 1400
1400 1401
1401 1402
1402 1403
1403 1404
1404 1405
1405 1406
1406 1407
1407 1408
1408 1409
1409 1410
1410 1411
1411 1412
1412 1413
1413 1414
1414 1415
1415 1416
1416 1417
1417 1418
1418 1419
1419 1420
1420 1421
1421 1422
1422 1423
1423 1424
1424 1425
1425 1426
1426 1427
1427 1428
1428 1429
1429 1430
1430 1431
1431 1432
1432 1433
1433 1434
1434 1435
1435 1436
1436 1437
1437 1438
1438 1439
1439 1440
1440 1441
1441 1442
1442 1443
1443 1444
1444 1445
1445 1446
1446 1447
1447 1448
1448 1449
1449 1450
1450 1451
1451 1452
1452 1453
1453 1454
1454 1455
1455 1456
1456 1457
1457 1458
1458 1459
1459 1460
1460 1461
1461 1462
1462 1463
1463 1464
1464 1465
1465 1466
1466 1467
1467 1468
1468 1469
1469 1470
1470 1471
1471 1472
1472 1473
1473 1474
1474 1475
1475 1476
1476 1477
1477 1478
1478 1479
1479 1480
1480 1481
1481 1482
1482 1483
1483 1484
1484 1485
1485 1486
1486 1487
1487 1488
1488 1489
1489 1490
1490 1491
1491 1492
1492 1493
1493 1494
1494 1495
1495 1496
1496 1497
1497 1498
1498 1499
1499 1500
1500 1501
1501 1502
1502 1503
1503 1504
1504 1505
1505 1506
1506 1507
1507 1508
1508 1509
1509 1510
1510 1511
1511 1512
1512 1513
1513 1514
1514 1515
1515 1516
1516 1517
1517 1518
1518 1519
1519 1520
1520 1521
1521 1522
1522 1523
1523 1524
1524 1525
1525 1526
1526 1527
1527 1528
1528 1529
1529 1530
1530 1531
1531 1532
1532 1533
1533 1534
1534 1535
1535 1536
1536 1537
1537 1538
1538 1539
1539 1540
1540 1541
1541 1542
1542 1543
1543 1544
1544 1545
1545 1546
1546 1547
1547 1548
1548 1549
1549 1550
1550 1551
1551 1552
1552 1553
1553 1554
1554 1555
1555 1556
1556 1557
1557 1558
1558 1559
1559 1560
1560 1561
1561 1562
1562 1563
1563 1564
1564 1565
1565 1566
1566 1567
1567 1568
1568 1569
1569 1570
1570 1571
1571 1572
1572 1573
1573 1574
1574 1575
1575 1576
1576 1577
1577 1578
1578 1579
1579 1580
1580 1581
1581 1582
1582 1583
1583 1584
1584 1585
1585 1586
1586 1587
1587 1588
1588 1589
1589 1590
1590 1591
1591 1592
1592 1593
1593 1594
1594 1595
1595 1596
1596 1597
1597 1598
1598 1599
1599 1600
1600 1601
1601 1602
1602 1603
1603 1604
1604 1605
1605 1606
1606 1607
1607 1608
1608 1609
1609 1610
1610 1611
1611 1612
1612 1613
1613 1614
1614 1615
1615 1616
1616 1617
1617 1618
1618 1619
1619 1620
1620 1621
1621 1622
1622 1623
1623 1624
1624 1625
1625 1626
1626 1627
1627 1628
1628 1629
1629 1630
1630 1631
1631 1632
1632 1633
1633 1634
1634 1635
1635 1636
1636 1637
1637 1638
1638 1639
1639 1640
1640 1641
1641 1642
1642 1643
1643 1644
1644 1645
1645 1646
1646 1647
1647 1648
1648 1649
1649 1650
1650 1651
1651 1652
1652 1653
1653 1654
1654 1655
1655 1656
1656 1657
1657 1658
1658 1659
1659 1660
1660 1661
1661 1662
1662 1663
1663 1664
1664 1665
1665 1666
1666 1667
1667 1668
1668 1669
1669 1670
1670 1671
1671 1672
1672 1673
1673 1674
1674 1675
1675 1676
1676 1677
1677 1678
1678 1679
1679 1680
1680 1681
1681 1682
1682 1683
1683 1684
1684 1685
1685 1686
1686 1687
1687 1688
1688 1689
1689 1690
1690 1691
1691 1692
1692 1693
1693 1694
1694 1695
1695 1696
1696 1697
1697 1698
1698 1699
1699 1700
1700 1701
1701 1702
1702 1703
1703 1704
1704 1705
1705 1706
1706 1707
1707 1708
1708 1709
1709 1710
1710 1711
1711 1712
1712 1713
1713 1714
1714 1715
1715 1716
1716 1717
1717 1718
1718 1719
1719 1720
1720 1721
1721 1722
1722 1723
1723 1724
1724 1725
1725 1726
1726 1727
1727 1728
1728 1729
1729 1730
1730 1731
1731 1732
1732 1733
1733 1734
1734 1735
1735 1736
1736 1737
1737 1738
1738 1739
1739 1740
1740 1741
1741 1742
1742 1743
1743 1744
1744 1745
1745 1746
1746 1747
1747 1748
1748 1749
1749 1750
1750 1751
1751 1752
1752 1753
1753 1754
1754 1755
1755 1756
1756 1757
1757 1758
1758 1759
1759 1760
1760 1761
1761 1762
1762 1763
1763 1764
1764 1765
1765 1766
1766 1767
1767 1768
1768 1769
1769 1770
1770 1771
1771 1772
1772 1773
1773 1774
1774 1775
1775 1776
1776 1777
1777 1778
1778 1779
1779 1780
1780 1781
1781 1782
1782 1783
1783 1784
1784 1785
1785 1786
1786 1787
1787 1788
1788 1789
1789 1790
1790 1791
1791 1792
1792 1793
1793 1794
1794 1795
1795 1796
1796 1797
1797 1798
1798 1799
1799 1800
1800 1801
1801 1802
1802 1803
1803 1804
1804 1805
1805 1806
1806 1807
1807 1808
1808 1809
1809 1810
1810 1811
1811 1812
1812 1813
1813 1814
1814 1815
1815 1816
1816 1817
1817 1818
1818 1819
1819 1820
1820 1821
1821 1822
1822 1823
1823 1824
1824 1825
1825 1826
1826 1827
1827 1828
1828 1829
1829 1830
1830 1831
1831 1832
1832 1833
1833 1834
1834 1835
1835 1836
1836 1837
1837 1838
1838 1839
1839 1840
1840 1841
1841 1842
1842 1843
1843 1844
1844 1845
1845 1846
1846 1847
1847 1848
1848 1849
1849 1850
1850 1851
1851 1852
1852 1853
1853 1854
1854 1855
1855 1856
1856 1857
1857 1858
1858 1859
1859 1860
1860 1861
1861 1862
1862 1863
1863 1864
1864 1865
1865 1866
1866 1867
1867 1868
1868 1869
1869 1870
1870 1871
1871 1872
1872 1873
1873 1874
1874 1875
1875 1876
1876 1877
1877 1878
1878 1879
1879 1880
1880 1881
1881 1882
1882 1883
1883 1884
1884 1885
1885 1886
1886 1887
1887 1888
1888 1889
1889 1890
1890 1891
1891 1892
1892 1893
1893 1894
1894 1895
1895 1896
1896 1897
1897 1898
1898 1899
1899 1900
1900 1901
1901 1902
1902 1903
1903 1904
1904 1905
1905 1906
1906 1907
1907 1908
1908 1909
1909 1910
1910 1911
1911 1912
1912 1913
1913 1914
1914 1915
1915 1916
1916 1917
1917 1918
1918 1919
1919 1920
1920 1921
1921 1922
1922 1923
1923 1924
1924 1925
1925 1926
1926 1927
1927 1928
1928 1929
1929 1930
1930 1931
1931 1932
1932 1933
1933 1934
1934 1935
1935 1936
1936 1937
1937 1938
1938 1939
1939 1940
1940 1941
1941 1942
1942 1943
1943 1944
1944 1945
1945 1946
1946 1947
1947 1948
1948 1949
1949 1950
1950 1951
1951 1952
1952 1953
1953 1954
1954 1955
1955 1956
1956 1957
1957 1958
1958 1959
1959 1960
1960 1961
1961 1962
1962 1963
1963 1964
1964 1965
1965 1966
1966 1967
1967 1968
1968 1969
1969 1970
1970 1971
1971 1972
1972 1973
1973 1974
1974 1975
1975 1976
1976 1977
1977 1978
1978 1979
1979 1980
1980 1981
1981 1982
1982 1983
1983 1984
1984 1985
1985 1986
1986 1987
1987 1988
1988 1989
1989 1990
1990 1991
1991 1992
1992 1993
1993 1994
1994 1995
1995 1996
1996 1997
1997 1998
1998 1999
1999 2000
2000 2001
2001 2002
2002 2003
2003 2004
2004 2005
2005 2006
2006 2007
2007 2008
2008 2009
2009 2010
2010 2011
2011 2012
2012 2013
2013 2014
2014 2015
2015 2016
2016 2017
2017 2018
2018 2019
2019 2020
2020 2021
2021 2022
2022 2023
2023 2024
2024 2025
2025 2026
2026 2027
2027 2028
2028 2029
2029 2030
2030 2031
2031 2032
2032 2033
2033 2034
2034 2035
2035 2036
2036 2037
2037 2038
2038 2039
2039 2040
2040 2041
2041 2042
2042 2043
2043 2044
2044 2045
2045 2046
2046 2047
2047 2048
2048 2049
2049 2050
2050 2051
2051 2052
2052 2053
2053 2054
2054 2055
2055 2056
2056 2057
2057 2058
2058 2059
2059 2060
2060 2061
2061 2062
2062 2063
2063 2064
2064 2065
2065 2066
2066 2067
2067 2068
2068 2069
2069 2070
2070 2071
2071 2072
2072 2073
2073 2074
2074 2075
2075 2076
2076 2077
2077 2078
2078 2079
2079 2080
2080 2081
2081 2082
2082 2083
2083 2084
2084 2085
2085 2086
2086 2087
2087 2088
2088 2089
2089 2090
2090 2091
2091 2092
2092 2093
2093 2094
2094 2095
2095 2096
2096 2097
2097 2098
2098 2099
2099 2100
2100 2101
2101 2102
2102 2103
2103 2104
2104 2105
2105 2106
2106 2107
2107 2108
2108 2109
2109 2110
2110 2111
2111 2112
2112 2113
2113 2114
2114 2115
2115 2116
2116 2117
2117 2118
2118 2119
2119 2120
2120 2121
2121 2122
2122 2123
2123 2124
2124 2125
2125 2126
2126 2127
2127 2128
2128 2129
2129 2130
2130 2131
2131 2132
2132 2133
2133 2134
2134 2135
2135 2136
2136 2137
2137 2138
2138 2139
2139 2140
2140 2141
2141 2142
2142 2143
2143 2144
2144 2145
2145 2146
2146 2147
2147 2148
2148 2149
2149 2150
2150 2151
2151 2152
2152 2153
2153 2154
2154 2155
2155 2156
2156 2157
2157 2158
2158 2159
2159 2160
2160 2161
2161 2162
2162 2163
2163 2164
2164 2165
2165 2166
2166 2167
2167 2168
2168 2169
2169 2170
2170 2171
2171 2172
2172 2173
2173 2174
2174 2175
2175 2176
2176 2177
2177 2178
2178 2179
2179 2180
2180 2181
2181 2182
2182 2183
2183 2184
2184 2185
2185 2186
2186 2187
2187 2188
2188 2189
2189 2190
2190 2191
2191 2192
2192 2193
2193 2194
2194 2195
2195 2196
2196 2197
2197 2198
2198 2199
2199 2200
2200 2201
2201 2202
2202 2203
2203 2204
2204 2205
2205 2206
2206 2207
2207 2208
2208 2209
2209 2210
2210 2211
2211 2212
2212 2213
2213 2214
2214 2215
2215 2216
2216 2217
2217 2218
2218 2219
2219 2220
2220 2221
2221 2222
2222 2223
2223 2224
2224 2225
2225 2226
2226 2227
2227 2228
2228 2229
2229 2230
2230 2231
2231 2232
2232 2233
2233 2234
2234 2235
2235 2236
2236 2237
2237 2238
2238 2239
2239 2240
2240 2241
2241 2242
2242 2243
2243 2244
2244 2245
2245 2246
2246 2247
2247 2248
2248 2249
2249 2250
2250 2251
2251 2252
2252 2253
2253 2254
2254 2255
2255 2256
2256 2257
2257 2258
2258 2259
2259 2260
2260 2261
2261 2262
2262 2263
2263 2264
2264 2265
2265 2266
2266 2267
2267 2268
2268 2269
2269 2270
2270 2271
2271 2272
2272 2273
2273 2274
2274 2275
2275 2276
2276 2277
2277 2278
2278 2279
2279 2280
2280 2281
2281 2282
2282 2283
2283 2284
2284 2285
2285 2286
2286 2287
2287 2288
2288 2289
2289 2290
2290 2291
2291 2292
2292 2293
2293 2294
2294 2295
2295 2296
2296 2297
2297 2298
2298 2299
2299 2300
2300 2301
2301 2302
2302 2303
2303 2304
2304 2305
2305 2306
2306 2307
2307 2308
2308 2309
2309 2310
2310 2311
2311 2312
2312 2313
2313 2314
2314 2315
2315 2316
2316 2317
2317 2318
2318 2319
2319 2320
2320 2321
2321 2322
2322 2323
2323 2324
2324 2325
2325 2326
2326 2327
2327 2328
2328 2329
2329 2330
2330 2331
2331 2332
2332 2333
2333 2334
2334 2335
2335 2336
2336 2337
2337 2338
2338 2339
2339 2340
2340 2341
2341 2342
2342 2343
2343 2344
2344 2345
2345 2346
2346 2347
2347 2348
2348 2349
2349 2350
2350 2351
2351 2352
2352 2353
2353 2354
2354 2355
2355 2356
2356 2357
2357 2358
2358 2359
2359 2360
2360 2361
2361 2362
2362 2363
2363 2364
2364 2365
2365 2366
2366 2367
2367 2368
2368 2369
2369 2370
2370 2371
2371 2372
2372 2373
2373 2374
2374 2375
2375 2376
2376 2377
2377 2378
2378 2379
2379 2380
2380 2381
2381 2382
2382 2383
2383 2384
2384 2385
2385 2386
2386 2387
2387 2388
2388 2389
2389 2390
2390 2391
2391 2392
2392 2393
2393 2394
2394 2395
2395 2396
2396 2397
2397 2398
2398 2399
2399 2400
2400 2401
2401 2402
2402 2403
2403 2404
2404 2405
2405 2406
2406 2407
2407 2408
2408 2409
2409 2410
2410 2411
2411 2412
2412 2413
2413 2414
2414 2415
2415 2416
2416 2417
2417 2418
2418 2419
2419 2420
2420 2421
2421 2422
2422 2423
2423 2424
2424 2425
2425 2426
2426 2427
2427 2428
2428 2429
2429 2430
2430 2431
2431 2432
2432 2433
2433 2434
2434 2435
2435 2436
2436 2437
2437 2438
2438 2439
2439 2440
2440 2441
2441 2442
2442 2443
2443 2444
2444 2445
2445 2446
2446 2447
2447 2448
2448 2449
2449 2450
2450 2451
2451 2452
2452 2453
2453 2454
2454 2455
2455 2456
2456 2457
2457 2458
2458 2459
2459 2460
2460 2461
2461 2462
2462 2463
2463 2464
2464 2465
2465 2466
2466 2467
2467 2468
2468 2469
2469 2470
2470 2471
2471 2472
2472 2473
2473 2474
2474 2475
2475 2476
2476 2477
2477 2478
2478 2479
2479 2480
2480 2481
2481 2482
2482 2483
2483 2484
2484 2485
2485 2486
2486 2487
2487 2488
2488 2489
2489 2490
2490 2491
2491 2492
2492 2493
2493 2494
2494 2495
2495 2496
2496 2497
2497 2498
2498 2499
2499 2500
2500 2501
2501 2502
2502 2503
2503 2504
2504 2505
2505 2506
2506 2507
2507 2508
2508 2509
2509 2510
2510 2511
2511 2512
2512 2513
2513 2514
2514 2515
2515 2516
2516 2517
2517 2518
2518 2519
2519 2520
2520 2521
2521 2522
2522 2523
2523 2524
2524 2525
2525 2526
2526 2527
2527 2528
2528 2529
2529 2530
2530 2531
2531 2532
2532 2533
2533 2534
2534 2535
2535 2536
2536 2537
2537 2538
2538 2539
2539 2540
2540 2541
2541 2542
2542 2543
2543 2544
2544 2545
2545 2546
2546 2547
2547 2548
2548 2549
2549 2550
2550 2551
2551 2552
2552 2553
2553 2554
2554 2555
2555 2556
2556 2557
2557 2558
2558 2559
2559 2560
2560 2561
2561 2562
2562 2563
2563 2564
2564 2565
2565 2566
2566 2567
2567 2568
2568 2569
2569 2570
2570 2571
2571 2572
2572 2573
2573 2574
2574 2575
2575 2576
2576 2577
2577 2578
2578 2579
2579 2580
2580 2581
2581 2582
2582 2583
2583 2584
2584 2585
2585 2586
2586 2587
2587 2588
2588 2589
2589 2590
2590 2591
2591 2592
2592 2593
2593 2594
2594 2595
2595 2596
2596 2597
2597 2598
2598 2599
2599 2600
2600 2601
2601 2602
2602 2603
2603 2604
2604 2605
2605 2606
2606 2607
2607 2608
2608 2609
2609 2610
2610 2611
2611 2612
2612 2613
2613 2614
2614 2615
2615 2616
2616 2617
2617 2618
2618 2619
2619 2620
2620 2621
2621 2622
2622 2623
2623 2624
2624 2625
2625 2626
2626 2627
2627 2628
2628 2629
2629 2630
2630 2631
2631 2632
2632 2633
2633 2634
2634 2635
2635 2636
2636 2637
2637 2638
2638 2639
2639 2640
2640 2641
2641 2642
2642 2643
2643 2644
2644 2645
2645 2646
2646 2647
2647 2648
2648 2649
2649 2650
2650 2651
2651 2652
2652 2653
2653 2654
2654 2655
2655 2656
2656 2657
2657 2658
2658 2659
2659 2660
2660 2661
2661 2662
2662 2663
2663 2664
2664 2665
2665 2666
2666 2667
2667 2668
2668 2669
2669 2670
2670 2671
2671 2672
2672 2673
2673 2674
2674 2675
2675 2676
2676 2677
2677 2678
2678 2679
2679 2680
2680 2681
2681 2682
2682 2683
2683 2684
2684 2685
2685 2686
2686 2687
2687 2688
2688 2689
2689 2690
2690 2691
2691 2692
2692 2693
2693 2694
2694 2695
2695 2696
2696 2697
2697 2698
2698 2699
2699 2700
2700 2701
2701 2702
2702 2703
2703 2704
2704 2705
2705 2706
2706 2707
2707 2708
2708 2709
2709 2710
2710 2711
2711 2712
2712 2713
2713 2714
2714 2715
2715 2716
2716 2717
2717 2718
2718 2719
2719 2720
2720 2721
2721 2722
2722 2723
2723 2724
2724 2725
2725 2726
2726 2727
2727 2728
2728 2729
2729 2730
2730 2731
2731 2732
2732 2733
2733 2734
2734 2735
2735 2736
2736 2737
2737 2738
2738 2739
2739 2740
2740 2741
2741 2742
2742 2743
2743 2744
2744 2745
2745 2746
2746 2747
2747 2748
2748 2749
2749 2750
2750 2751
2751 2752
2752 2753
2753 2754
2754 2755
2755 2756
2756 2757
2757 2758
2758 2759
2759 2760
2760 2761
2761 2762
2762 2763
2763 2764
2764 2765
2765 2766
2766 2767
2767 2768
2768 2769
2769 2770
2770 2771
2771 2772
2772 2773
2773 2774
2774 2775
2775 2776
2776 2777
2777 2778
2778 2779
2779 2780
2780 2781
2781 2782
2782 2783
2783 2784
2784 2785
2785 2786
2786 2787
2787 2788
2788 2789
2789 2790
2790 2791
2791 2792
2792 2793
2793 2794
2794 2795
2795 2796
2796 2797
2797 2798
2798 2799
2799 2800
2800 2801
2801 2802
2802 2803
2803 2804
2804 2805
2805 2806
2806 2807
2807 2808
2808 2809
2809 2810
2810 2811
2811 2812
2812 2813
2813 2814
2814 2815
2815 2816
2816 2817
2817 2818
2818 2819
2819 2820
2820 2821
2821 2822
2822 2823
2823 2824
2824 2825
2825 2826
2826 2827
2827 2828
2828 2829
2829 2830
2830 2831
2831 2832
2832 2833
2833 2834
2834 2835
2835 2836
2836 2837
2837 2838
2838 2839
2839 2840
2840 2841
2841 2842
2842 2843
2843 2844
2844 2845
2845 2846
2846 2847
2847 2848
2848 2849
2849 2850
2850 2851
2851 2852
2852 2853
2853 2854
2854 2855
2855 2856
2856 2857
2857 2858
2858 2859
2859 2860
2860 2861
2861 2862
2862 2863
2863 2864
2864 2865
2865 2866
2866 2867
2867 2868
2868 2869
2869 2870
2870 2871
2871 2872
2872 2873
2873 2874
2874 2875
2875 2876
2876 2877
2877 2878
2878 2879
2879 2880
2880 2881
2881 2882
2882 2883
2883 2884
2884 2885
2885 2886
2886 2887
2887 2888
2888 2889
2889 2890
2890 2891
2891 2892
2892 2893
2893 2894
2894 2895
2895 2896
2896 2897
2897 2898
2898 2899
2899 2900
2900 2901
2901 2902
2902 2903
2903 2904
2904 2905
2905 2906
2906 2907
2907 2908
2908 2909
2909 2910
2910 2911
2911 2912
2912 2913
2913 2914
2914 2915
2915 2916
2916 2917
2917 2918
2918 2919
2919 2920
2920 2921
2921 2922
2922 2923
2923 2924
2924 2925
2925 2926
2926 2927
2927 2928
2928 2929
2929 2930
2930 2931
2931 2932
2932 2933
2933 2934
2934 2935
2935 2936
2936 2937
2937 2938
2938 2939
2939 2940
2940 2941
2941 2942
2942 2943
2943 2944
2944 2945
2945 2946
2946 2947
2947 2948
2948 2949
2949 2950
2950 2951
2951 2952
2952 2953
2953 2954
2954 2955
2955 2956
2956 2957
2957 2958
2958 2959
2959 2960
2960 2961
2961 2962
2962 2963
2963 2964
2964 2965
2965 2966
2966 2967
2967 2968
2968 2969
2969 2970
2970 2971
2971 2972
2972 2973
2973 2974
2974 2975
2975 2976
2976 2977
2977 2978
2978 2979
2979 2980
2980 2981
2981 2982
2982 2983
2983 2984
2984 2985
2985 2986
2986 2987
2987 2988
2988 2989
2989 2990
2990 2991
2991 2992
2992 2993
2993 2994
2994 2995
2995 2996
2996 2997
2997 2998
2998 2999
2999 3000
3000 3001
3001 3002
3002 3003
3003 3004
3004 3005
3005 3006
3006 3007
3007 3008
3008 3009
3009 3010
3010 3011
3011 3012
3012 3013
3013 3014
3014 3015
3015 3016
3016 3017
3017 3018
3018 3019
3019 3020
3020 3021
3021 3022
3022 3023
3023 3024
3024 3025
3025 3026
3026 3027
3027 3028
3028 3029
3029 3030
3030 3031
3031 3032
3032 3033
3033 3034
3034 3035
3035 3036
3036 3037
3037 3038
3038 3039
3039 3040
3040 3041
3041 3042
3042 3043
3043 3044
3044 3045
3045 3046
3046 3047
3047 3048
3048 3049
3049 3050
3050 3051
3051 3052
3052 3053
3053 3054
3054 3055
3055 3056
3056 3057
3057 3058
3058 3059
3059 3060
3060 3061
3061 3062
3062 3063
3063 3064
3064 3065
3065 3066
3066 3067
3067 3068
3068 3069
3069 3070
3070 3071
3071 3072
3072 3073
3073 3074
3074 3075
3075 3076
3076 3077
3077 3078
3078 3079
3079 3080
3080 3081
3081 3082
3082 3083
3083 3084
3084 3085
3085 3086
3086 3087
3087 3088
3088 3089
3089 3090
3090 3091
3091 3092
3092 3093
3093 3094
3094 3095
3095 3096
3096 3097
3097 3098
3098 3099
3099 3100
3100 3101
3101 3102
3102 3103
3103 3104
3104 3105
3105 3106
3106 3107
3107 3108
3108 3109
3109 3110
3110 3111
3111 3112
3112 3113
3113 3114
3114 3115
3115 3116
3116 3117
3117 3118
3118 3119
3119 3120
3120 3121
3121 3122
3122 3123
3123 3124
3124 3125
3125 3126
3126 3127
3127 3128
3128 3129
3129 3130
3130 3131
3131 3132
3132 3133
3133 3134
3134 3135
3135 3136
3136 3137
3137 3138
3138 3139
3139 3140
3140 3141
3141 3142
3142 3143
3143 3144
3144 3145
3145 3146
3146 3147
3147 3148
3148 3149
3149 3150
3150 3151
3151 3152
3152 3153
3153 3154
3154 3155
3155 3156
3156 3157
3157 3158
3158 3159
3159 3160
3160 3161
3161 3162
3162 3163
3163 3164
3164 3165
3165 3166
3166 3167
3167 3168
3168 3169
3169 3170
3170 3171
3171 3172
3172 3173
3173 3174
3174 3175
3175 3176
3176 3177
3177 3178
3178 3179
3179 3180
3180 3181
3181 3182
3182 3183
3183 3184
3184 3185
3185 3186
3186 3187
3187 3188
3188 3189
3189 3190
3190 3191
3191 3192
3192 3193
3193 3194
3194 3195
3195 3196
3196 3197
3197 3198
3198 3199
3199 3200
3200 3201
3201 3202
3202 3203
3203 3204
3204 3205
3205 3206
3206 3207
3207 3208
3208 3209
3209 3210
3210 3211
3211 3212
3212 3213
3213 3214
3214 3215
3215 3216
3216 3217
3217 3218
3218 3219
3219 3220
3220 3221
3221 3222
3222 3223
3223 3224
3224 3225
3225 3226
3226 3227
3227 3228
3228 3229
3229 3230
3230 3231
3231 3232
3232 3233
3233 3234
3234 3235
3235 3236
3236 3237
3237 3238
3238 3239
3239 3240
3240 3241
3241 3242
3242 3243
3243 3244
3244 3245
3245 3246
3246 3247
3247 3248
3248 3249
3249 3250
3250 3251
3251 3252
3252 3253
3253 3254
3254 3255
3255 3256
3256 3257
3257 3258
3258 3259
3259 3260
3260 3261
3261 3262
3262 3263
3263 3264
3264 3265
3265 3266
3266 3267
3267 3268
3268 3269
3269 3270
3270 3271
3271 3272
3272 3273
3273 3274
3274 3275
3275 3276
3276 3277
3277 3278
3278 3279
3279 3280
3280 3281
3281 3282
3282 3283
3283 3284
3284 3285
3285 3286
3286 3287
3287 3288
3288 3289
3289 3290
3290 3291
3291 3292
3292 3293
3293 3294
3294 3295
3295 3296
3296 3297
3297 3298
3298 3299
3299 3300
3300 3301
3301 3302
3302 3303
3303 3304
3304 3305
3305 3306
3306 3307
3307 3308
3308 3309
3309 3310
3310 3311
3311 3312
3312 3313
3313 3314
3314 3315
3315 3316
3316 3317
3317 3318
3318 3319
3319 3320
3320 3321
3321 3322
3322 3323
3323 3324
3324 3325
3325 3326
3326 3327
3327 3328
3328 3329
3329 3330
3330 3331
3331 3332
3332 3333
3333 3334
3334 3335
3335 3336
3336 3337
3337 3338
3338 3339
3339 3340
3340 3341
3341 3342
3342 3343
3343 3344
3344 3345
3345 3346
3346 3347
3347 3348
3348 3349
3349 3350
3350 3351
3351 3352
3352 3353
3353 3354
3354 3355
3355 3356
3356 3357
3357 3358
3358 3359
3359 3360
3360 3361
3361 3362
3362 3363
3363 3364
3364 3365
3365 3366
3366 3367
3367 3368
3368 3369
3369 3370
3370 3371
3371 3372
3372 3373
3373 3374
3374 3375
3375 3376
3376 3377
3377 3378
3378 3379
3379 3380
3380 3381
3381 3382
3382 3383
3383 3384
3384 3385
3385 3386
3386 3387
3387 3388
3388 3389
3389 3390
3390 3391
3391 3392
3392 3393
3393 3394
3394 3395
3395 3396
3396 3397
3397 3398
3398 3399
3399 3400
3400 3401
3401 3402
3402 3403
3403 3404
3404 3405
3405 3406
3406 3407
3407 3408
3408 3409
3409 3410
3410 3411
3411 3412
3412 3413
3413 3414
3414 3415
3415 3416
3416 3417
3417 3418
3418 3419
3419 3420
3420 3421
3421 3422
3422 3423
3423 3424
3424 3425
3425 3426
3426 3427
3427 3428
3428 3429
3429 3430
3430 3431
3431 3432
3432 3433
3433 3434
3434 3435
3435 3436
3436 3437
3437 3438
3438 3439
3439 3440
3440 3441
3441 3442
3442 3443
3443 3444
3444 3445
3445 3446
3446 3447
3447 3448
3448 3449
3449 3450
3450 3451
3451 3452
3452 3453
3453 3454
3454 3455
3455 3456
3456 3457
3457 3458
3458 3459
3459 3460
3460 3461
3461 3462
3462 3463
3463 3464
3464 3465
3465 3466
3466 3467
3467 3468
3468 3469
3469 3470
3470 3471
3471 3472
3472 3473
3473 3474
3474 3475
3475 3476
3476 3477
3477 3478
3478 3479
3479 3480
3480 3481
3481 3482
3482 3483
3483 3484
3484 3485
3485 3486
3486 3487
3487 3488
3488 3489
3489 3490
3490 3491
3491 3492
3492 3493
3493 3494
3494 3495
3495 3496
3496 3497
3497 3498
3498 3499
3499 3500
3500 3501
3501 3502
3502 3503
3503 3504
3504 3505
3505 3506
3506 3507
3507 3508
3508 3509
3509 3510
3510 3511
3511 3512
3512 3513
3513 3514
3514 3515
3515 3516
3516 3517
3517 3518
3518 3519
3519 3520
3520 3521
3521 3522
3522 3523
3523 3524
3524 3525
3525 3526
3526 3527
3527 3528
3528 3529
3529 3530
3530 3531
3531 3532
3532 3533
3533 3534
3534 3535
3535 3536
3536 3537
3537 3538
3538 3539
3539 3540
3540 3541
3541 3542
3542 3543
3543 3544
3544 3545
3545 3546
3546 3547
3547 3548
3548 3549
3549 3550
3550 3551
3551 3552
3552 3553
3553 3554
3554 3555
3555 3556
3556 3557
3557 3558
3558 3559
3559 3560
3560 3561
3561 3562
3562 3563
3563 3564
3564 3565
3565 3566
3566 3567
3567 3568
3568 3569
3569 3570
3570 3571
3571 3572
3572 3573
3573 3574
3574 3575
3575 3576
3576 3577
3577 3578
3578 3579
3579 3580
3580 3581
3581 3582
3582 3583
3583 3584
3584 3585
3585 3586
3586 3587
3587 3588
3588 3589
3589 3590
3590 3591
3591 3592
3592 3593
3593 3594
3594 3595
3595 3596
3596 3597
3597 3598
3598 3599
3599 3600
3600 3601
3601 3602
3602 3603
3603 3604
3604 3605
3605 3606
3606 3607
3607 3608
3608 3609
3609 3610
3610 3611
3611 3612
3612 3613
3613 3614
3614 3615
3615 3616
3616 3617
3617 3618
3618 3619
3619 3620
3620 3621
3621 3622
3622 3623
3623 3624
3624 3625
3625 3626
3626 3627
3627 3628
3628 3629
3629 3630
3630 3631
3631 3632
3632 3633
3633 3634
3634 3635
3635 3636
3636 3637
3637 3638
3638 3639
3639 3640
3640 3641
3641 3642
3642 3643
3643 3644
3644 3645
3645 3646
3646 3647
3647 3648
3648 3649
3649 3650
3650 3651
3651 3652
3652 3653
3653 3654
3654 3655
3655 3656
3656 3657
3657 3658
3658 3659
3659 3660
3660 3661
3661 3662
3662 3663
3663 3664
3664 3665
3665 3666
3666 3667
3667 3668
3668 3669
3669 3670
3670 3671
3671 3672
3672 3673
3673 3674
3674 3675
3675 3676
3676 3677
3677 3678
3678 3679
3679 3680
3680 3681
3681 3682
3682 3683
3683 3684
3684 3685
3685 3686
3686 3687
3687 3688
3688 3689
3689 3690
3690 3691
3691 3692
3692 3693
3693 3694
3694 3695
3695 3696
3696 3697
3697 3698
3698 3699
3699 3700
3700 3701
3701 3702
3702 3703
3703 3704
3704 3705
3705 3706
3706 3707
3707 3708
3708 3709
3709 3710
3710 3711
3711 3712
3712 3713
3713 3714
3714 3715
3715 3716
3716 3717
3717 3718
3718 3719
3719 3720
3720 3721
3721 3722
3722 3723
3723 3724
3724 3725
3725 3726
3726 3727
3727 3728
3728 3729
3729 3730
3730 3731
3731 3732
3732 3733
3733 3734
3734 3735
3735 3736
3736 3737
3737 3738
3738 3739
3739 3740
3740 3741
3741 3742
3742 3743
3743 3744
3744 3745
3745 3746
3746 3747
3747 3748
3748 3749
3749 3750
3750 3751
3751 3752
3752 3753
3753 3754
3754 3755
3755 3756
3756 3757
3757 3758
3758 3759
3759 3760
3760 3761
3761 3762
3762 3763
3763 3764
3764 3765
3765 3766
3766 3767
3767 3768
3768 3769
3769 3770
3770 3771
3771 3772
3772 3773
3773 3774
3774 3775
3775 3776
3776 3777
3777 3778
3778 3779
3779 3780
3780 3781
3781 3782
3782 3783
3783 3784
3784 3785
3785 3786
3786 3787
3787 3788
3788 3789
3789 3790
3790 3791
3791 3792
3792 3793
3793 3794
3794 3795
3795 3796
3796 3797
3797 3798
3798 3799
3799 3800
3800 3801
3801 3802
3802 3803
3803 3804
3804 3805
3805 3806
3806 3807
3807 3808
3808 3809
3809 3810
3810 3811
3811 3812
3812 3813
3813 3814
3814 3815
3815 3816
3816 3817
3817 3818
3818 3819
3819 3820
3820 3821
3821 3822
3822 3823
3823 3824
3824 3825
3825 3826
3826 3827
3827 3828
3828 3829
3829 3830
3830 3831
3831 3832
3832 3833
3833 3834
3834 3835
3835 3836
3836 3837
3837 3838
3838 3839
3839 3840
3840 3841
3841 3842
3842 3843
3843 3844
3844 3845
3845 3846
3846 3847
3847 3848
3848 3849
3849 3850
3850 3851
3851 3852
3852 3853
3853 3854
3854 3855
3855 3856
3856 3857
3857 3858
3858 3859
3859 3860
3860 3861
3861 3862
3862 3863
3863 3864
3864 3865
3865 3866
3866 3867
3867 3868
3868 3869
3869 3870
3870 3871
3871 3872
3872 3873
3873 3874
3874 3875
3875 3876
3876 3877
3877 3878
3878 3879
3879 3880
3880 3881
3881 3882
3882 3883
3883 3884
3884 3885
3885 3886
3886 3887
3887 3888
3888 3889
3889 3890
3890 3891
3891 3892
3892 3893
3893 3894
3894 3895
3895 3896
3896 3897
3897 3898
3898 3899
3899 3900
3900 3901
3901 3902
3902 3903
3903 3904
3904 3905
3905 3906
3906 3907
3907 3908
3908 3909
3909 3910
3910 3911
3911 3912
3912 3913
3913 3914
3914 3915
3915 3916
3916 3917
3917 3918
3918 3919
3919 3920
3920 3921
3921 3922
3922 3923
3923 3924
3924 3925
3925 3926
3926 3927
3927 3928
3928 3929
3929 3930
3930 3931
3931 3932
3932 3933
3933 3934
3934 3935
3935 3936
3936 3937
3937 3938
3938 3939
3939 3940
3940 3941
3941 3942
3942 3943
3943 3944
3944 3945
3945 3946
3946 3947
3947 3948
3948 3949
3949 3950
3950 3951
3951 3952
3952 3953
3953 3954
3954 3955
3955 3956
3956 3957
3957 3958
3958 3959
3959 3960
3960 3961
3961 3962
3962 3963
3963 3964
3964 3965
3965 3966
3966 3967
3967 3968
3968 3969
3969 3970
3970 3971
3971 3972
3972 3973
3973 3974
3974 3975
3975 3976
3976 3977
3977 3978
3978 3979
3979 3980
3980 3981
3981 3982
3982 3983
3983 3984
3984 3985
3985 3986
3986 3987
3987 3988
3988 3989
3989 3990
3990 3991
3991 3992
3992 3993
3993 3994
3994 3995
3995 3996
3996 3997
3997 3998
3998 3999
3999 4000
4000 4001
4001 4002
4002 4003
4003 4004
4004 4005
4005 4006
4006 4007
4007 4008
4008 4009
4009 4010
4010 4011
4011 4012
4012 4013
4013 4014
4014 4015
4015 4016
4016 4017
4017 4018
4018 4019
4019 4020
4020 4021
4021 4022
4022 4023
4023 4024
4024 4025
4025 4026
4026 4027
4027 4028
4028 4029
4029 4030
4030 4031
4031 4032
4032 4033
4033 4034
4034 4035
4035 4036
4036 4037
4037 4038
4038 4039
4039 4040
4040 4041
4041 4042
4042 4043
4043 4044
4044 4045
4045 4046
4046 4047
4047 4048
4048 4049
4049 4050
4050 4051
4051 4052
4052 4053
4053 4054
4054 4055
4055 4056
4056 4057
4057 4058
4058 4059
4059 4060
4060 4061
4061 4062
4062 4063
4063 4064
4064 4065
4065 4066
4066 4067
4067 4068
4068 4069
4069 4070
4070 4071
4071 4072
4072 4073
4073 4074
4074 4075
4075 4076
4076 4077
4077 4078
4078 4079
4079 4080
4080 4081
4081 4082
4082 4083
4083 4084
4084 4085
4085 4086
4086 4087
4087 4088
4088 4089
4089 4090
4090 4091
4091 4092
4092 4093
4093 4094
4094 4095
4095 4096
4096 4097
4097 4098
4098 4099
4099 4100
4100 4101
4101 4102
4102 4103
4103 4104
4104 4105
4105 4106
4106 4107
4107 4108
4108 4109
4109 4110
4110 4111
4111 4112
4112 4113
4113 4114
4114 4115
4115 4116
4116 4117
4117 4118
4118 4119
4119 4120
4120 4121
4121 4122
4122 4123
4123 4124
4124 4125
4125 4126
4126 4127
4127 4128
4128 4129
4129 4130
4130 4131
4131 4132
4132 4133
4133 4134
4134 4135
4135 4136
4136 4137
4137 4138
4138 4139
4139 4140
4140 4141
4141 4142
4142 4143
4143 4144
4144 4145
4145 4146
4146 4147
4147 4148
4148 4149
4149 4150
4150 4151
4151 4152
4152 4153
4153 4154
4154 4155
4155 4156
4156 4157
4157 4158
4158 4159
4159 4160
4160 4161
4161 4162
4162 4163
4163 4164
4164 4165
4165 4166
4166 4167
4167 4168
4168 4169
4169 4170
4170 4171
4171 4172
4172 4173
4173 4174
4174 4175
4175 4176
4176 4177
4177 4178
4178 4179
4179 4180
4180 4181
4181 4182
4182 4183
4183 4184
4184 4185
4185 4186
4186 4187
4187 4188
4188 4189
4189 4190
4190 4191
4191 4192
4192 4193
4193 4194
4194 4195
4195 4196
4196 4197
4197 4198
4198 4199
4199 4200
4200 4201
4201 4202
4202 4203
4203 4204
4204 4205
4205 4206
4206 4207
4207 4208
4208 4209
4209 4210
4210 4211
4211 4212
4212 4213
4213 4214
4214 4215
4215 4216
4216 4217
4217 4218
4218 4219
4219 4220
4220 4221
4221 4222
4222 4223
4223 4224
4224 4225
4225 4226
4226 4227
4227 4228
4228 4229
4229 4230
4230 4231
4231 4232
4232 4233
4233 4234
4234 4235
4235 4236
4236 4237
4237 4238
4238 4239
4239 4240
4240 4241
4241 4242
4242 4243
4243 4244
4244 4245
4245 4246
4246 4247
4247 4248
4248 4249
4249 4250
4250 4251
4251 4252
4252 4253
4253 4254
4254 4255
4255 4256
4256 4257
4257 4258
4258 4259
4259 4260
4260 4261
4261 4262
4262 4263
4263 4264
4264 4265
4265 4266
4266 4267
4267 4268
4268 4269
4269 4270
4270 4271
4271 4272
4272 4273
4273 4274
4274 4275
4275 4276
4276 4277
4277 4278
4278 4279
4279 4280
4280 4281
4281 4282
4282 4283
4283 4284
4284 4285
4285 4286
4286 4287
4287 4288
4288 4289
4289 4290
4290 4291
4291 4292
4292 4293
4293 4294
4294 4295
4295 4296
4296 4297
4297 4298
4298 4299
4299 4300
4300 4301
4301 4302
4302 4303
4303 4304
4304 4305
4305 4306
4306 4307
4307 4308
4308 4309
4309 4310
4310 4311
4311 4312
4312 4313
4313 4314
4314 4315
4315 4316
4316 4317
4317 4318
4318 4319
4319 4320
4320 4321
4321 4322
4322 4323
4323 4324
4324 4325
4325 4326
4326 4327
4327 4328
4328 4329
4329 4330
4330 4331
4331 4332
4332 4333
4333 4334
4334 4335
4335 4336
4336 4337
4337 4338
4338 4339
4339 4340
4340 4341
4341 4342
4342 4343
4343 4344
4344 4345
4345 4346
4346 4347
4347 4348
4348 4349
4349 4350
4350 4351
4351 4352
4352 4353
4353 4354
4354 4355
4355 4356
4356 4357
4357 4358
4358 4359
4359 4360
4360 4361
4361 4362
4362 4363
4363 4364
4364 4365
4365 4366
4366 4367
4367 4368
4368 4369
4369 4370
4370 4371
4371 4372
4372 4373
4373 4374
4374 4375
4375 4376
4376 4377
4377 4378
4378 4379
4379 4380
4380 4381
4381 4382
4382 4383
4383 4384
4384 4385
4385 4386
4386 4387
4387 4388
4388 4389
4389 4390
4390 4391
4391 4392
4392 4393
4393 4394
4394 4395
4395 4396
4396 4397
4397 4398
4398 4399
4399 4400
4400 4401
4401 4402
4402 4403
4403 4404
4404 4405
4405 4406
4406 4407
4407 4408
4408 4409
4409 4410
4410 4411
4411 4412
4412 4413
4413 4414
4414 4415
4415 4416
4416 4417
4417 4418
4418 4419
4419 4420
4420 4421
4421 4422
4422 4423
4423 4424
4424 4425
4425 4426
4426 4427
4427 4428
4428 4429
4429 4430
4430 4431
4431 4432
4432 4433
4433 4434
4434 4435
4435 4436
4436 4437
4437 4438
4438 4439
4439 4440
4440 4441
4441 4442
4442 4443
4443 4444
4444 4445
4445 4446
4446 4447
4447 4448
4448 4449
4449 4450
4450 4451
4451 4452
4452 4453
4453 4454
4454 4455
4455 4456
4456 4457
4457 4458
4458 4459
4459 4460
4460 4461
4461 4462
4462 4463
4463 4464
4464 4465
4465 4466
4466 4467
4467 4468
4468 4469
4469 4470
4470 4471
4471 4472
4472 4473
4473 4474
4474 4475
4475 4476
4476 4477
4477 4478
4478 4479
4479 4480
4480 4481
4481 4482
4482 4483
4483 4484
4484 4485
4485 4486
4486 4487
4487 4488
4488 4489
4489 4490
4490 4491
4491 4492
4492 4493
4493 4494
4494 4495
4495 4496
4496 4497
4497 4498
4498 4499
4499 4500
4500 4501
4501 4502
4502 4503
4503 4504
4504 4505
4505 4506
4506 4507
4507 4508
4508 4509
4509 4510
4510 4511
4511 4512
4512 4513
4513 4514
4514 4515
4515 4516
4516 4517
4517 4518
4518 4519
4519 4520
4520 4521
4521 4522
4522 4523
4523 4524
4524 4525
4525 4526
4526 4527
4527 4528
4528 4529
4529 4530
4530 4531
4531 4532
4532 4533
4533 4534
4534 4535
4535 4536
4536 4537
4537 4538
4538 4539
4539 4540
4540 4541
4541 4542
4542 4543
4543 4544
4544 4545
4545 4546
4546 4547
4547 4548
4548 4549
4549 4550
4550 4551
4551 4552
4552 4553
4553 4554
4554 4555
4555 4556
4556 4557
4557 4558
4558 4559
4559 4560
4560 4561
4561 4562
4562 4563
4563 4564
4564 4565
4565 4566
4566 4567
4567 4568
4568 4569
4569 4570
4570 4571
4571 4572
4572 4573
4573 4574
4574 4575
4575 4576
4576 4577
4577 4578
4578 4579
4579 4580
4580 4581
4581 4582
4582 4583
4583 4584
4584 4585
4585 4586
4586 4587
4587 4588
4588 4589
4589 4590
4590 4591
4591 4592
4592 4593
4593 4594
4594 4595
4595 4596
4596 4597
4597 4598
4598 4599
4599 4600
4600 4601
4601 4602
4602 4603
4603 4604
4604 4605
4605 4606
4606 4607
4607 4608
4608 4609
4609 4610
4610 4611
4611 4612
4612 4613
4613 4614
4614 4615
4615 4616
4616 4617
4617 4618
4618 4619
4619 4620
4620 4621
4621 4622
4622 4623
4623 4624
4624 4625
4625 4626
4626 4627
4627 4628
4628 4629
4629 4630
4630 4631
4631 4632
4632 4633
4633 4634
4634 4635
4635 4636
4636 4637
4637 4638
4638 4639
4639 4640
4640 4641
4641 4642
4642 4643
4643 4644
4644 4645
4645 4646
4646 4647
4647 4648
4648 4649
4649 4650
4650 4651
4651 4652
4652 4653
4653 4654
4654 4655
4655 4656
4656 4657
4657 4658
4658 4659
4659 4660
4660 4661
4661 4662
4662 4663
4663 4664
4664 4665
4665 4666
4666 4667
4667 4668
4668 4669
4669 4670
4670 4671
4671 4672
4672 4673
4673 4674
4674 4675
4675 4676
4676 4677
4677 4678
4678 4679
4679 4680
4680 4681
4681 4682
4682 4683
4683 4684
4684 4685
4685 4686
4686 4687
4687 4688
4688 4689
4689 4690
4690 4691
4691 4692
4692 4693
4693 4694
4694 4695
4695 4696
4696 4697
4697 4698
4698 4699
4699 4700
4700 4701
4701 4702
4702 4703
4703 4704
4704 4705
4705 4706
4706 4707
4707 4708
4708 4709
4709 4710
4710 4711
4711 4712
4712 4713
4713 4714
4714 4715
4715 4716
4716 4717
4717 4718
4718 4719
4719 4720
4720 4721
4721 4722
4722 4723
4723 4724
4724 4725
4725 4726
4726 4727
4727 4728
4728 4729
4729 4730
4730 4731
4731 4732
4732 4733
4733 4734
4734 4735
4735 4736
4736 4737
4737 4738
4738 4739
4739 4740
4740 4741
4741 4742
4742 4743
4743 4744
4744 4745
4745 4746
4746 4747
4747 4748
4748 4749
4749 4750
4750 4751
4751 4752
4752 4753
4753 4754
4754 4755
4755 4756
4756 4757
4757 4758
4758 4759
4759 4760
4760 4761
4761 4762
4762 4763
4763 4764
4764 4765
4765 4766
4766 4767
4767 4768
4768 4769
4769 4770
4770 4771
4771 4772
4772 4773
4773 4774
4774 4775
4775 4776
4776 4777
4777 4778
4778 4779
4779 4780
4780 4781
4781 4782
4782 4783
4783 4784
4784 4785
4785 4786
4786 4787
4787 4788
4788 4789
4789 4790
4790 4791
4791 4792
4792 4793
4793 4794
4794 4795
4795 4796
4796 4797
4797 4798
4798 4799
4799 4800
4800 4801
4801 4802
4802 4803
4803 4804
4804 4805
4805 4806
4806 4807
4807 4808
4808 4809
4809 4810
4810 4811
4811 4812
4812 4813
4813 4814
4814 4815
4815 4816
4816 4817
4817 4818
4818 4819
4819 4820
4820 4821
4821 4822
4822 4823
4823 4824
4824 4825
4825 4826
4826 4827
4827 4828
4828 4829
4829 4830
4830 4831
4831 4832
4832 4833
4833 4834
4834 4835
4835 4836
4836 4837
4837 4838
4838 4839
4839 4840
4840 4841
4841 4842
4842 4843
4843 4844
4844 4845
4845 4846
4846 4847
4847 4848
4848 4849
4849 4850
4850 4851
4851 4852
4852 4853
4853 4854
4854 4855
4855 4856
4856 4857
4857 4858
4858 4859
4859 4860
4860 4861
4861 4862
4862 4863
4863 4864
4864 4865
4865 4866
4866 4867
4867 4868
4868 4869
4869 4870
4870 4871
4871 4872
4872 4873
4873 4874
4874 4875
4875 4876
4876 4877
4877 4878
4878 4879
4879 4880
4880 4881
4881 4882
4882 4883
4883 4884
4884 4885
4885 4886
4886 4887
4887 4888
4888 4889
4889 4890
4890 4891
4891 4892
4892 4893
4893 4894
4894 4895
4895 4896
4896 4897
4897 4898
4898 4899
4899 4900
4900 4901
4901 4902
4902 4903
4903 4904
4904 4905
4905 4906
4906 4907
4907 4908
4908 4909
4909 4910
4910 4911
4911 4912
4912 4913
4913 4914
4914 4915
4915 4916
4916 4917
4917 4918
4918 4919
4919 4920
4920 4921
4921 4922
4922 4923
4923 4924
4924 4925
4925 4926
4926 4927
4927 4928
4928 4929
4929 4930
4930 4931
4931 4932
4932 4933
4933 4934
4934 4935
4935 4936
4936 4937
4937 4938
4938 4939
4939 4940
4940 4941
4941 4942
4942 4943
4943 4944
4944 4945
4945 4946
4946 4947
4947 4948
4948 4949
4949 4950
4950 4951
4951 4952
4952 4953
4953 4954
4954 4955
4955 4956
4956 4957
4957 4958
4958 4959
4959 4960
4960 4961
4961 4962
4962 4963
4963 4964
4964 4965
4965 4966
4966 4967
4967 4968
4968 4969
4969 4970
4970 4971
4971 4972
4972 4973
4973 4974
4974 4975
4975 4976
4976 4977
4977 4978
4978 4979
4979 4980
4980 4981
4981 4982
4982 4983
4983 4984
4984 4985
4985 4986
4986 4987
4987 4988
4988 4989
4989 4990
4990 4991
4991 4992
4992 4993
4993 4994
4994 4995
4995 4996
4996 4997
4997 4998
4998 4999
4303 5000
765 5001
2370 5002
3554 5003
4232 5004
1371 5005
3834 5006
4838 5007
701 5008
695 5009
1189 5010
1669 5011
2239 5012
558 5013
3702 5014
106 5015
1565 5016
3745 5017
1021 5018
3038 5019
2040 5020
2074 5021
3357 5022
3686 5023
4394 5024
4241 5025
4519 5026
2844 5027
1490 5028
1674 5029
1538 5030
3002 5031
3758 5032
1912 5033
3880 5034
894 5035
4756 5036
3272 5037
4376 5038
487 5039
4384 5040
1488 5041
1501 5042
2448 5043
1523 5044
3662 5045
1817 5046
362 5047
1959 5048
1964 5049
3871 5050
4819 5051
4407 5052
4624 5053
681 5054
1156 5055
4434 5056
3267 5057
3780 5058
3070 5059
1334 5060
296 5061
2081 5062
4582 5063
4349 5064
928 5065
4620 5066
353 5067
2275 5068
4140 5069
2105 5070
1795 5071
4427 5072
2078 5073
4111 5074
2348 5075
4262 5076
1166 5077
1870 5078
3781 5079
4218 5080
2187 5081
1805 5082
3029 5083
4099 5084
3116 5085
3077 5086
1398 5087
3888 5088
1474 5089
447 5090
3418 5091
2115 5092
3844 5093
139 5094
3372 5095
1832 5096
3742 5097
3900 5098
1642 5099
2522 5100
3840 5101
2268 5102
2887 5103
4430 5104
2087 5105
33 5106
3208 5107
910 5108
463 5109
2132 5110
3776 5111
756 5112
371 5113
3500 5114
1503 5115
3380 5116
84 5117
3907 5118
4175 5119
4401 5120
2123 5121
1284 5122
1239 5123
1650 5124
4872 5125
704 5126
2036 5127
2501 5128
4661 5129
316 5130
3822 5131
384 5132
354 5133
787 5134
2522 5135
3532 5136
4513 5137
2331 5138
117 5139
519 5140
2034 5141
4866 5142
1169 5143
2299 5144
1400 5145
1369 5146
1201 5147
2534 5148
2282 5149
3325 5150
2243 5151
3157 5152
2404 5153
2339 5154
2683 5155
3553 5156
2372 5157
1664 5158
2328 5159
3742 5160
3600 5161
2868 5162
880 5163
2674 5164
3657 5165
925 5166
1872 5167
1962 5168
4637 5169
1709 5170
4735 5171
2392 5172
3935 5173
3588 5174
4740 5175
2340 5176
4667 5177
4879 5178
3007 5179
4904 5180
136 5181
4932 5182
4640 5183
655 5184
1239 5185
70 5186
1602 5187
45 5188
106 5189
3805 5190
1187 5191
157 5192
4977 5193
2620 5194
3921 5195
3135 5196
2946 5197
521 5198
1744 5199
2715 5200
3347 5201
3702 5202
1978 5203
4989 5204
2310 5205
3027 5206
1813 5207
4911 5208
2943 5209
3911 5210
1607 5211
4632 5212
1607 5213
4676 5214
4494 5215
160 5216
1479 5217
3538 5218
3967 5219
3046 5220
502 5221
4707 5222
190 5223
756 5224
1593 5225
1592 5226
1757 5227
212 5228
1631 5229
857 5230
2584 5231
2648 5232
4907 5233
2580 5234
6 5235
921 5236
1422 5237
2488 5238
445 5239
2911 5240
4055 5241
2625 5242
1031 5243
2238 5244
2782 5245
3076 5246
1793 5247
3799 5248
3254 5249
2221 5250
679 5251
3631 5252
208 5253
2623 5254
3324 5255
1772 5256
4625 5257
1087 5258
4767 5259
1499 5260
1791 5261
13 5262
2248 5263
839 5264
866 5265
1345 5266
1328 5267
2499 5268
2526 5269
847 5270
2778 5271
2000 5272
1438 5273
3917 5274
2463 5275
4620 5276
2285 5277
1321 5278
2261 5279
3694 5280
2303 5281
2098 5282
4758 5283
2576 5284
89 5285
925 5286
3665 5287
3298 5288
4761 5289
593 5290
3810 5291
2070 5292
276 5293
1737 5294
3230 5295
2997 5296
600 5297
1183 5298
604 5299
3963 5300
3324 5301
3198 5302
3918 5303
3380 5304
1352 5305
4417 5306
1984 5307
4476 5308
4637 5309
2945 5310
710 5311
3051 5312
2194 5313
661 5314
1929 5315
359 5316
2453 5317
2556 5318
25 5319
970 5320
3841 5321
1654 5322
3543 5323
2827 5324
4825 5325
2127 5326
436 5327
2604 5328
4641 5329
340 5330
169 5331
1481 5332
1282 5333
3659 5334
3059 5335
2119 5336
3442 5337
38 5338
2824 5339
2562 5340
1351 5341
1607 5342
1589 5343
1170 5344
4323 5345
4132 5346
3935 5347
1611 5348
1602 5349
1134 5350
300 5351
411 5352
987 5353
4001 5354
2419 5355
3248 5356
723 5357
2400 5358
1180 5359
3677 5360
256 5361
3569 5362
1730 5363
921 5364
4759 5365
2020 5366
4578 5367
3272 5368
4082 5369
4873 5370
338 5371
4878 5372
930 5373
3309 5374
82 5375
4563 5376
697 5377
2473 5378
4098 5379
2890 5380
3279 5381
2068 5382
2576 5383
4433 5384
925 5385
3873 5386
4367 5387
865 5388
1921 5389
3345 5390
2417 5391
1326 5392
1410 5393
1033 5394
1894 5395
2306 5396
4111 5397
413 5398
2493 5399
212 5400
1353 5401
2307 5402
356 5403
4359 5404
2773 5405
1951 5406
4911 5407
1386 5408
1147 5409
2147 5410
1212 5411
2683 5412
1898 5413
1991 5414
4574 5415
2518 5416
3987 5417
4016 5418
2118 5419
683 5420
1040 5421
4196 5422
2962 5423
1196 5424
1580 5425
2725 5426
2195 5427
2585 5428
3906 5429
3868 5430
456 5431
174 5432
2838 5433
1675 5434
2503 5435
3088 5436
1047 5437
1552 5438
2762 5439
329 5440
2789 5441
3356 5442
645 5443
4176 5444
2187 5445
4331 5446
880 5447
3558 5448
563 5449
911 5450
2198 5451
4639 5452
3241 5453
1534 5454
4592 5455
2252 5456
2069 5457
4053 5458
1285 5459
636 5460
160 5461
1989 5462
2304 5463
384 5464
1729 5465
1600 5466
1886 5467
2852 5468
1360 5469
3477 5470
2178 5471
76 5472
4441 5473
33 5474
466 5475
4710 5476
4220 5477
4864 5478
1261 5479
3662 5480
1645 5481
2544 5482
3834 5483
2146 5484
2356 5485
3734 5486
3171 5487
1223 5488
2563 5489
253 5490
4972 5491
2809 5492
329 5493
4496 5494
3740 5495
1383 5496
4046 5497
1663 5498
2953 5499
4589 5500
2990 5501
1442 5502
2440 5503
3175 5504
3882 5505
4843 5506
865 5507
1328 5508
615 5509
35 5510
2900 5511
29 5512
3830 5513
92 5514
3377 5515
3444 5516
1433 5517
396 5518
4749 5519
3698 5520
2804 5521
1972 5522
3958 5523
1839 5524
4413 5525
1785 5526
102 5527
4801 5528
4191 5529
2953 5530
2856 5531
1716 5532
2757 5533
2601 5534
1370 5535
489 5536
42 5537
2516 5538
4184 5539
2999 5540
427 5541
3634 5542
4841 5543
3720 5544
1001 5545
1782 5546
2105 5547
1799 5548
4963 5549
2912 5550
14 5551
3038 5552
911 5553
1365 5554
1649 5555
2384 5556
2756 5557
3820 5558
4687 5559
37 5560
3846 5561
293 5562
321 5563
4025 5564
3374 5565
3136 5566
1970 5567
644 5568
2455 5569
410 5570
4891 5571
621 5572
1386 5573
4576 5574
3539 5575
3015 5576
414 5577
1806 5578
2864 5579
4082 5580
1659 5581
574 5582
4837 5583
3140 5584
2287 5585
2645 5586
4695 5587
1578 5588
1019 5589
3461 5590
2110 5591
4797 5592
299 5593
15 5594
2321 5595
1015 5596
4547 5597
4896 5598
2435 5599
583 5600
166 5601
3490 5602
698 5603
4242 5604
3210 5605
1895 5606
2861 5607
2281 5608
2161 5609
861 5610
2306 5611
2416 5612
2219 5613
17 5614
4182 5615
1764 5616
2938 5617
435 5618
1874 5619
711 5620
754 5621
367 5622
2715 5623
111 5624
1441 5625
2182 5626
1855 5627
1881 5628
2427 5629
4855 5630
2817 5631
3338 5632
3920 5633
2136 5634
2570 5635
3617 5636
2614 5637
1970 5638
1310 5639
1427 5640
1387 5641
1155 5642
4777 5643
2524 5644
3790 5645
772 5646
420 5647
1664 5648
1704 5649
1416 5650
1887 5651
224 5652
510 5653
3187 5654
938 5655
315 5656
222 5657
46 5658
721 5659
4974 5660
153 5661
2329 5662
2807 5663
1932 5664
3421 5665
3232 5666
269 5667
3198 5668
4976 5669
4077 5670
2027 5671
4223 5672
1619 5673
303 5674
3975 5675
3157 5676
4962 5677
4718 5678
3334 5679
1682 5680
801 5681
2677 5682
2784 5683
3032 5684
2500 5685
4050 5686
3625 5687
290 5688
195 5689
2235 5690
1190 5691
2800 5692
4535 5693
1757 5694
58 5695
3251 5696
2302 5697
172 5698
4034 5699
1592 5700
2124 5701
2064 5702
3339 5703
1659 5704
1438 5705
754 5706
4072 5707
3895 5708
3540 5709
3856 5710
2895 5711
1198 5712
1953 5713
1142 5714
315 5715
1209 5716
1484 5717
4073 5718
36 5719
2681 5720
4969 5721
4469 5722
2109 5723
3111 5724
2154 5725
474 5726
759 5727
1946 5728
1477 5729
84 5730
1226 5731
1558 5732
3421 5733
3223 5734
2660 5735
1360 5736
2256 5737
916 5738
3039 5739
4570 5740
1550 5741
306 5742
3161 5743
685 5744
813 5745
4691 5746
1803 5747
3750 5748
337 5749
3399 5750
1837 5751
1774 5752
1537 5753
2296 5754
2798 5755
2266 5756
2703 5757
386 5758
2384 5759
985 5760
241 5761
1602 5762
1355 5763
1108 5764
1354 5765
3870 5766
365 5767
945 5768
3865 5769
705 5770
2095 5771
1391 5772
232 5773
1308 5774
602 5775
3378 5776
4767 5777
2167 5778
2821 5779
4357 5780
4476 5781
2840 5782
4787 5783
1842 5784
4714 5785
2773 5786
1927 5787
1875 5788
1198 5789
3520 5790
948 5791
1649 5792
167 5793
4322 5794
3831 5795
4630 5796
400 5797
3765 5798
1466 5799
1346 5800
3339 5801
996 5802
1260 5803
3042 5804
48 5805
4225 5806
4096 5807
831 5808
131 5809
1691 5810
2742 5811
882 5812
216 5813
555 5814
380 5815
475 5816
4380 5817
3368 5818
3090 5819
4924 5820
3544 5821
2574 5822
423 5823
1307 5824
3986 5825
2123 5826
216 5827
3440 5828
2029 5829
15 5830
64 5831
4582 5832
1131 5833
4171 5834
3801 5835
2363 5836
2351 5837
3766 5838
4937 5839
2907 5840
498 5841
123 5842
1961 5843
878 5844
859 5845
4821 5846
1418 5847
1352 5848
3239 5849
3606 5850
4229 5851
4104 5852
2642 5853
4817 5854
3871 5855
4547 5856
1709 5857
4840 5858
1415 5859
1332 5860
4155 5861
4295 5862
992 5863
3218 5864
2749 5865
4124 5866
1788 5867
4120 5868
3811 5869
1987 5870
4055 5871
2239 5872
70 5873
277 5874
1350 5875
3828 5876
3928 5877
4042 5878
894 5879
917 5880
154 5881
1746 5882
1537 5883
1258 5884
59 5885
4866 5886
90 5887
4821 5888
1727 5889
3820 5890
4362 5891
701 5892
1136 5893
1732 5894
3174 5895
354 5896
1534 5897
706 5898
536 5899
2781 5900
4220 5901
2162 5902
4241 5903
3096 5904
879 5905
2028 5906
3353 5907
3366 5908
1165 5909
1740 5910
1986 5911
1703 5912
716 5913
2004 5914
2230 5915
703 5916
4356 5917
782 5918
1963 5919
1118 5920
4711 5921
4140 5922
4239 5923
4194 5924
1545 5925
1470 5926
2944 5927
180 5928
4204 5929
275 5930
4161 5931
1967 5932
3134 5933
1040 5934
3472 5935
1966 5936
560 5937
1210 5938
1439 5939
605 5940
203 5941
3779 5942
1960 5943
1236 5944
4446 5945
2883 5946
1775 5947
911 5948
1088 5949
2421 5950
2013 5951
3518 5952
1939 5953
4614 5954
2253 5955
3614 5956
3175 5957
3874 5958
4048 5959
4104 5960
2536 5961
3473 5962
31 5963
2225 5964
1553 5965
4361 5966
4912 5967
1423 5968
4031 5969
1839 5970
1777 5971
259 5972
3992 5973
1153 5974
3266 5975
903 5976
926 5977
1616 5978
2211 5979
4506 5980
1700 5981
4762 5982
2946 5983
2093 5984
3068 5985
564 5986
3408 5987
4912 5988
3037 5989
3882 5990
2644 5991
722 5992
1136 5993
1353 5994
4306 5995
1580 5996
4694 5997
4668 5998
264 5999
132 6000
2367 6001
2767 6002
433 6003
2842 6004
1380 6005
519 6006
220 6007
407 6008
2012 6009
1396 6010
1051 6011
4366 6012
2407 6013
3457 6014
2107 6015
778 6016
37 6017
3817 6018
3184 6019
4294 6020
4585 6021
1002 6022
3975 6023
295 6024
2438 6025
4798 6026
3629 6027
4434 6028
1446 6029
4619 6030
2513 6031
3974 6032
1693 6033
3801 6034
625 6035
4150 6036
2651 6037
333 6038
2319 6039
2216 6040
3493 6041
4701 6042
2385 6043
1969 6044
3092 6045
950 6046
4253 6047
1272 6048
3162 6049
2164 6050
1409 6051
3791 6052
490 6053
414 6054
4022 6055
271 6056
2261 6057
2331 6058
3985 6059
2669 6060
3236 6061
2546 6062
412 6063
3244 6064
969 6065
3485 6066
4917 6067
3553 6068
2863 6069
1948 6070
3702 6071
4340 6072
3439 6073
4967 6074
3000 6075
3496 6076
632 6077
3132 6078
1001 6079
1365 6080
45 6081
4899 6082
2838 6083
3464 6084
2641 6085
2416 6086
80 6087
2543 6088
926 6089
74 6090
1289 6091
1766 6092
2386 6093
802 6094
1219 6095
3226 6096
1985 6097
4095 6098
1902 6099
1251 6100
738 6101
1838 6102
917 6103
3651 6104
2750 6105
2137 6106
4033 6107
2604 6108
3342 6109
2692 6110
4156 6111
3837 6112
4437 6113
56 6114
1571 6115
1976 6116
2145 6117
2431 6118
176 6119
641 6120
461 6121
2340 6122
1349 6123
2460 6124
437 6125
184 6126
1284 6127
2521 6128
2135 6129
2190 6130
643 6131
2143 6132
1993 6133
1597 6134
4600 6135
4787 6136
2931 6137
438 6138
2095 6139
4330 6140
3761 6141
216 6142
2385 6143
335 6144
4601 6145
4396 6146
4961 6147
3238 6148
3779 6149
2676 6150
877 6151
311 6152
1848 6153
4399 6154
2128 6155
2411 6156
921 6157
3838 6158
1591 6159
2493 6160
3868 6161
2515 6162
4002 6163
3607 6164
3786 6165
166 6166
1122 6167
701 6168
3318 6169
1732 6170
370 6171
3413 6172
870 6173
1406 6174
4539 6175
815 6176
4952 6177
3969 6178
4157 6179
2545 6180
2085 6181
3816 6182
2261 6183
1711 6184
2228 6185
3578 6186
3161 6187
661 6188
1041 6189
30 6190
1087 6191
3920 6192
792 6193
4095 6194
869 6195
1626 6196
2497 6197
1605 6198
3167 6199
4883 6200
3853 6201
489 6202
4744 6203
3742 6204
3412 6205
2090 6206
4110 6207
3003 6208
4959 6209
781 6210
787 6211
2116 6212
276 6213
3859 6214
3493 6215
2217 6216
4343 6217
3164 6218
556 6219
3725 6220
2763 6221
2145 6222
579 6223
4249 6224
3241 6225
2467 6226
3930 6227
2429 6228
945 6229
100 6230
4156 6231
1918 6232
1757 6233
2135 6234
2676 6235
3909 6236
3257 6237
441 6238
1450 6239
163 6240
4699 6241
571 6242
272 6243
1645 6244
3554 6245
937 6246
1149 6247
3069 6248
994 6249
178 6250
3120 6251
47 6252
1727 6253
3143 6254
2738 6255
3112 6256
483 6257
3575 6258
1346 6259
1405 6260
1167 6261
2726 6262
1596 6263
1378 6264
407 6265
2511 6266
422 6267
2212 6268
4810 6269
2526 6270
2095 6271
2198 6272
1531 6273
587 6274
4060 6275
2208 6276
794 6277
2751 6278
3666 6279
497 6280
35 6281
922 6282
1238 6283
4448 6284
2785 6285
4427 6286
3195 6287
4583 6288
4063 6289
972 6290
79 6291
3088 6292
4421 6293
3910 6294
406 6295
2248 6296
3236 6297
60 6298
1940 6299
3320 6300
1151 6301
3986 6302
3996 6303
3454 6304
1738 6305
2361 6306
4626 6307
4580 6308
3407 6309
2675 6310
221 6311
4593 6312
2701 6313
2658 6314
2991 6315
2004 6316
13 6317
1423 6318
4444 6319
4376 6320
1136 6321
843 6322
886 6323
1721 6324
3956 6325
2648 6326
2915 6327
182 6328
3732 6329
4185 6330
2761 6331
1611 6332
2345 6333
1131 6334
1965 6335
4912 6336
3340 6337
61 6338
467 6339
1467 6340
3156 6341
1428 6342
4073 6343
3219 6344
3059 6345
1385 6346
3584 6347
1388 6348
1699 6349
776 6350
1391 6351
971 6352
4457 6353
1435 6354
2227 6355
1244 6356
3914 6357
4157 6358
1093 6359
246 6360
3765 6361
2477 6362
1667 6363
3935 6364
4907 6365
2617 6366
3225 6367
324 6368
512 6369
2684 6370
1101 6371
272 6372
2115 6373
2623 6374
348 6375
324 6376
3005 6377
4604 6378
924 6379
4304 6380
2578 6381
929 6382
1350 6383
3384 6384
1842 6385
2499 6386
4685 6387
4752 6388
431 6389
4900 6390
1543 6391
271 6392
259 6393
4579 6394
4011 6395
2972 6396
1793 6397
2223 6398
2411 6399
4525 6400
255 6401
2963 6402
2075 6403
2553 6404
3254 6405
1675 6406
2678 6407
395 6408
2266 6409
1331 6410
1714 6411
1059 6412
3826 6413
446 6414
726 6415
3951 6416
1159 6417
4199 6418
3769 6419
4493 6420
1633 6421
2562 6422
3280 6423
1403 6424
741 6425
1100 6426
74 6427
4429 6428
175 6429
3298 6430
3795 6431
2345 6432
2402 6433
4591 6434
4958 6435
1797 6436
4308 6437
2438 6438
462 6439
688 6440
3399 6441
3761 6442
1457 6443
3885 6444
1390 6445
786 6446
1660 6447
3867 6448
4206 6449
3756 6450
4333 6451
2965 6452
4318 6453
1623 6454
2733 6455
330 6456
3348 6457
4149 6458
32 6459
391 6460
4218 6461
2637 6462
1287 6463
3026 6464
4071 6465
2767 6466
1794 6467
1192 6468
3909 6469
1116 6470
4381 6471
94 6472
2342 6473
3925 6474
3356 6475
268 6476
4880 6477
3529 6478
378 6479
1548 6480
2290 6481
4348 6482
1709 6483
4044 6484
2274 6485
2234 6486
965 6487
4275 6488
3496 6489
2351 6490
3987 6491
418 6492
1759 6493
3830 6494
3979 6495
2477 6496
1306 6497
1425 6498
1751 6499
303 6500
2680 6501
711 6502
884 6503
2498 6504
4539 6505
1487 6506
2739 6507
3519 6508
904 6509
2602 6510
518 6511
1496 6512
96 6513
1215 6514
2253 6515
1311 6516
184 6517
1344 6518
1452 6519
1559 6520
4980 6521
2511 6522
844 6523
4899 6524
2623 6525
3916 6526
56 6527
1021 6528
2431 6529
3781 6530
3920 6531
3946 6532
3237 6533
3216 6534
4923 6535
100 6536
1588 6537
3718 6538
2083 6539
2754 6540
4734 6541
4278 6542
3131 6543
4302 6544
4587 6545
2226 6546
1667 6547
2495 6548
272 6549
2119 6550
4531 6551
1033 6552
1653 6553
3493 6554
1076 6555
27 6556
856 6557
3952 6558
2886 6559
1744 6560
3603 6561
1237 6562
1744 6563
1094 6564
1863 6565
1874 6566
545 6567
636 6568
144 6569
3301 6570
1536 6571
2367 6572
863 6573
502 6574
3904 6575
551 6576
3888 6577
2862 6578
580 6579
2256 6580
1207 6581
3976 6582
2954 6583
4869 6584
745 6585
2345 6586
84 6587
593 6588
4170 6589
3443 6590
1023 6591
1049 6592
1584 6593
1703 6594
1362 6595
4866 6596
1835 6597
3372 6598
1979 6599
709 6600
2464 6601
4425 6602
625 6603
3100 6604
3548 6605
2787 6606
937 6607
2462 6608
3398 6609
1238 6610
1195 6611
505 6612
324 6613
2551 6614
4654 6615
779 6616
1769 6617
3173 6618
391 6619
3869 6620
2274 6621
1464 6622
4336 6623
3103 6624
965 6625
2370 6626
3263 6627
3089 6628
2325 6629
3970 6630
2541 6631
1912 6632
867 6633
2789 6634
3772 6635
978 6636
2944 6637
546 6638
1964 6639
1700 6640
1901 6641
2524 6642
3963 6643
2979 6644
4727 6645
3050 6646
1657 6647
2012 6648
4843 6649
3268 6650
2223 6651
3504 6652
4088 6653
2213 6654
654 6655
3165 6656
1943 6657
842 6658
1189 6659
515 6660
2819 6661
2823 6662
3512 6663
1928 6664
3270 6665
2824 6666
326 6667
2272 6668
1197 6669
534 6670
1583 6671
1567 6672
3233 6673
3403 6674
912 6675
670 6676
2415 6677
3027 6678
1720 6679
682 6680
3466 6681
1429 6682
2375 6683
623 6684
2207 6685
556 6686
2440 6687
2580 6688
1997 6689
2327 6690
4350 6691
1596 6692
923 6693
1431 6694
3031 6695
1206 6696
3202 6697
2695 6698
3984 6699
2961 6700
4667 6701
2405 6702
128 6703
3679 6704
4062 6705
964 6706
1766 6707
3720 6708
3924 6709
705 6710
3365 6711
3895 6712
3416 6713
188 6714
897 6715
2729 6716
1216 6717
383 6718
1799 6719
2686 6720
4760 6721
4670 6722
1310 6723
2165 6724
1786 6725
4192 6726
4424 6727
1832 6728
1469 6729
2077 6730
1144 6731
400 6732
3389 6733
385 6734
2018 6735
1868 6736
4438 6737
2129 6738
2824 6739
4200 6740
691 6741
3879 6742
4175 6743
2073 6744
1079 6745
4134 6746
3856 6747
2577 6748
2690 6749
1803 6750
3244 6751
3133 6752
1146 6753
4998 6754
3330 6755
2757 6756
901 6757
2849 6758
108 6759
3107 6760
32 6761
4377 6762
325 6763
1642 6764
2162 6765
4367 6766
4087 6767
2155 6768
1690 6769
2006 6770
1411 6771
3882 6772
1139 6773
468 6774
2495 6775
4497 6776
667 6777
494 6778
3352 6779
4299 6780
4103 6781
1723 6782
926 6783
4664 6784
2673 6785
4723 6786
3246 6787
1382 6788
1851 6789
1492 6790
456 6791
3200 6792
359 6793
4512 6794
2197 6795
674 6796
4452 6797
3820 6798
31 6799
4452 6800
3751 6801
2210 6802
3098 6803
3691 6804
2912 6805
4056 6806
4631 6807
2669 6808
4226 6809
3549 6810
2502 6811
3957 6812
4917 6813
4944 6814
1407 6815
787 6816
4242 6817
664 6818
4919 6819
2428 6820
1339 6821
4879 6822
480 6823
268 6824
73 6825
3356 6826
4555 6827
3406 6828
720 6829
1106 6830
4276 6831
3636 6832
4162 6833
865 6834
4484 6835
1481 6836
2323 6837
30 6838
4301 6839
4726 6840
2184 6841
4092 6842
450 6843
2312 6844
3816 6845
3615 6846
3111 6847
3868 6848
2483 6849
1698 6850
457 6851
4437 6852
837 6853
4571 6854
4279 6855
1332 6856
4626 6857
3294 6858
668 6859
451 6860
2869 6861
932 6862
2568 6863
4022 6864
4293 6865
4826 6866
966 6867
2579 6868
451 6869
1667 6870
2086 6871
1026 6872
4469 6873
1099 6874
139 6875
2053 6876
3698 6877
2780 6878
2425 6879
3498 6880
732 6881
2662 6882
768 6883
3978 6884
483 6885
569 6886
3917 6887
3952 6888
4529 6889
3216 6890
2602 6891
3800 6892
2021 6893
904 6894
836 6895
1566 6896
571 6897
1913 6898
3961 6899
920 6900
2043 6901
2368 6902
977 6903
1333 6904
2171 6905
602 6906
4986 6907
24 6908
1132 6909
4829 6910
2046 6911
3676 6912
1828 6913
2678 6914
2236 6915
3446 6916
2408 6917
2444 6918
3862 6919
4008 6920
347 6921
2974 6922
675 6923
697 6924
740 6925
973 6926
4645 6927
1664 6928
26 6929
1998 6930
367 6931
686 6932
3840 6933
656 6934
1376 6935
4860 6936
4204 6937
1818 6938
4434 6939
541 6940
2452 6941
4500 6942
3183 6943
2842 6944
4220 6945
1274 6946
593 6947
490 6948
189 6949
4893 6950
2677 6951
2364 6952
1572 6953
1702 6954
1228 6955
1987 6956
808 6957
3436 6958
4748 6959
4676 6960
3069 6961
366 6962
3651 6963
214 6964
1252 6965
173 6966
549 6967
4679 6968
1767 6969
475 6970
2273 6971
2079 6972
2663 6973
4974 6974
3358 6975
3303 6976
1960 6977
587 6978
1494 6979
4133 6980
1615 6981
2733 6982
4105 6983
1527 6984
4981 6985
4491 6986
4401 6987
993 6988
3225 6989
4035 6990
986 6991
4854 6992
4620 6993
4356 6994
2759 6995
1993 6996
4453 6997
1908 6998
949 6999
4954 7000
2213 7001
3806 7002
4991 7003
35 7004
3761 7005
3455 7006
2503 7007
3453 7008
4154 7009
390 7010
2719 7011
3105 7012
924 7013
899 7014
1530 7015
1767 7016
2405 7017
2946 7018
1359 7019
2964 7020
985 7021
2537 7022
3382 7023
863 7024
2975 7025
48 7026
981 7027
991 7028
4516 7029
1971 7030
2436 7031
2064 7032
176 7033
2781 7034
106 7035
3961 7036
1412 7037
2819 7038
2962 7039
3904 7040
517 7041
4734 7042
2524 7043
835 7044
2118 7045
1676 7046
746 7047
3895 7048
4054 7049
4624 7050
3739 7051
79 7052
2973 7053
1600 7054
4376 7055
1907 7056
4263 7057
2246 7058
2084 7059
3550 7060
51 7061
1595 7062
3964 7063
4026 7064
3668 7065
2101 7066
1703 7067
3661 7068
1047 7069
3834 7070
4493 7071
1905 7072
1365 7073
1962 7074
188 7075
4905 7076
2321 7077
242 7078
2184 7079
2588 7080
2972 7081
1920 7082
4757 7083
1442 7084
2844 7085
4555 7086
494 7087
4956 7088
2442 7089
1721 7090
3085 7091
1267 7092
2788 7093
2130 7094
4667 7095
3849 7096
761 7097
2975 7098
4345 7099
317 7100
3992 7101
1295 7102
1487 7103
2470 7104
4298 7105
1367 7106
1012 7107
4826 7108
1195 7109
1897 7110
3686 7111
4735 7112
29 7113
2086 7114
3648 7115
311 7116
2920 7117
1532 7118
3993 7119
297 7120
2077 7121
1298 7122
2572 7123
4340 7124
2003 7125
2825 7126
1097 7127
3405 7128
2353 7129
3124 7130
1395 7131
2034 7132
1342 7133
3437 7134
201 7135
1155 7136
297 7137
433 7138
1325 7139
4809 7140
2074 7141
4288 7142
2733 7143
1093 7144
3928 7145
4982 7146
2349 7147
2420 7148
2516 7149
3326 7150
3450 7151
4302 7152
2786 7153
1987 7154
2387 7155
446 7156
635 7157
4725 7158
4435 7159
4557 7160
4950 7161
675 7162
2238 7163
1626 7164
3407 7165
3622 7166
4848 7167
1830 7168
3169 7169
4245 7170
3477 7171
446 7172
2507 7173
2409 7174
1440 7175
731 7176
1204 7177
3653 7178
2695 7179
4880 7180
166 7181
3085 7182
2623 7183
1113 7184
4796 7185
1306 7186
2617 7187
1411 7188
3619 7189
4545 7190
2732 7191
3034 7192
665 7193
1363 7194
4510 7195
3830 7196
1392 7197
2004 7198
1509 7199
4453 7200
1782 7201
530 7202
846 7203
350 7204
2039 7205
1921 7206
2110 7207
484 7208
1767 7209
2653 7210
897 7211
2283 7212
294 7213
3523 7214
458 7215
957 7216
1163 7217
3282 7218
2700 7219
1542 7220
1784 7221
4123 7222
1994 7223
4552 7224
3885 7225
3559 7226
4645 7227
2536 7228
3494 7229
2184 7230
3672 7231
4525 7232
1155 7233
1840 7234
604 7235
1192 7236
3880 7237
3061 7238
1133 7239
502 7240
40 7241
2492 7242
838 7243
1144 7244
2645 7245
3577 7246
4989 7247
1830 7248
545 7249
2902 7250
1998 7251
3746 7252
3497 7253
2640 7254
2317 7255
1470 7256
2385 7257
466 7258
103 7259
1338 7260
2680 7261
110 7262
1691 7263
2534 7264
816 7265
1144 7266
402 7267
444 7268
3235 7269
3958 7270
2860 7271
2024 7272
4369 7273
3515 7274
1327 7275
2130 7276
81 7277
3431 7278
1662 7279
41 7280
1661 7281
2209 7282
1997 7283
1184 7284
3025 7285
4400 7286
1760 7287
3357 7288
1766 7289
3470 7290
4364 7291
3530 7292
2806 7293
1300 7294
3876 7295
3385 7296
895 7297
3462 7298
4462 7299
4177 7300
3975 7301
2865 7302
3505 7303
4056 7304
2612 7305
928 7306
4970 7307
66 7308
232 7309
2263 7310
1106 7311
2987 7312
3832 7313
1431 7314
4107 7315
1168 7316
4397 7317
1055 7318
2464 7319
1428 7320
462 7321
470 7322
1388 7323
3784 7324
1951 7325
4169 7326
405 7327
4195 7328
2680 7329
2004 7330
2483 7331
398 7332
4742 7333
380 7334
1692 7335
1143 7336
1003 7337
315 7338
402 7339
2798 7340
2169 7341
2723 7342
816 7343
3608 7344
1437 7345
4529 7346
4089 7347
162 7348
314 7349
2149 7350
4537 7351
4109 7352
1959 7353
866 7354
1704 7355
1477 7356
183 7357
28 7358
1087 7359
3175 7360
4188 7361
4808 7362
186 7363
2354 7364
70 7365
4445 7366
3457 7367
1693 7368
3607 7369
4899 7370
2275 7371
1777 7372
3636 7373
4232 7374
2922 7375
2609 7376
2232 7377
4748 7378
951 7379
2110 7380
466 7381
2349 7382
2171 7383
1466 7384
3128 7385
22 7386
1869 7387
3459 7388
1239 7389
2532 7390
922 7391
1846 7392
2369 7393
4776 7394
2642 7395
1905 7396
2032 7397
3679 7398
1699 7399
1880 7400
4547 7401
2185 7402
1272 7403
2608 7404
4915 7405
4684 7406
2515 7407
1782 7408
1257 7409
4067 7410
1951 7411
105 7412
989 7413
1445 7414
4743 7415
3556 7416
893 7417
2585 7418
4462 7419
2410 7420
849 7421
461 7422
3994 7423
2274 7424
900 7425
190 7426
4845 7427
3382 7428
825 7429
4040 7430
1728 7431
1193 7432
3550 7433
1185 7434
1870 7435
1695 7436
2184 7437
967 7438
999 7439
1236 7440
2480 7441
424 7442
3147 7443
1944 7444
2236 7445
3794 7446
3497 7447
1527 7448
556 7449
4159 7450
2538 7451
4037 7452
3962 7453
2163 7454
127 7455
2060 7456
166 7457
4189 7458
1143 7459
2498 7460
1960 7461
3837 7462
4039 7463
4660 7464
3722 7465
4096 7466
1250 7467
723 7468
3611 7469
1764 7470
2740 7471
1618 7472
1600 7473
1038 7474
4394 7475
1802 7476
3229 7477
4428 7478
2634 7479
4836 7480
2479 7481
4085 7482
3499 7483
3199 7484
1970 7485
1659 7486
453 7487
4898 7488
56 7489
301 7490
1351 7491
213 7492
4066 7493
4273 7494
3218 7495
628 7496
2678 7497
2948 7498
939 7499
2175 7500
1585 7501
3107 7502
1739 7503
4116 7504
472 7505
1864 7506
3250 7507
1330 7508
533 7509
2949 7510
3217 7511
714 7512
2078 7513
983 7514
2448 7515
1134 7516
2706 7517
863 7518
1292 7519
2248 7520
3839 7521
1908 7522
1862 7523
1094 7524
2768 7525
3898 7526
1808 7527
752 7528
4183 7529
182 7530
2938 7531
4914 7532
4935 7533
1697 7534
1634 7535
3234 7536
1006 7537
4814 7538
1618 7539
4107 7540
4376 7541
1853 7542
3174 7543
2473 7544
374 7545
4433 7546
1062 7547
1553 7548
998 7549
715 7550
1376 7551
4428 7552
2067 7553
4453 7554
1770 7555
4958 7556
681 7557
4156 7558
1442 7559
2231 7560
4288 7561
2517 7562
3599 7563
4731 7564
1712 7565
4356 7566
3476 7567
4564 7568
170 7569
1087 7570
1878 7571
2865 7572
1437 7573
1535 7574
3391 7575
1197 7576
4541 7577
526 7578
4266 7579
2875 7580
3115 7581
2821 7582
1849 7583
1755 7584
3671 7585
4887 7586
4515 7587
3000 7588
1315 7589
1066 7590
3938 7591
580 7592
2423 7593
412 7594
1423 7595
4344 7596
1406 7597
4705 7598
178 7599
3689 7600
3856 7601
611 7602
208 7603
2812 7604
383 7605
4183 7606
1619 7607
1829 7608
3489 7609
1859 7610
3011 7611
2666 7612
2322 7613
4461 7614
168 7615
2854 7616
413 7617
3344 7618
1239 7619
1118 7620
720 7621
3539 7622
752 7623
4624 7624
845 7625
830 7626
4808 7627
1172 7628
502 7629
4808 7630
2612 7631
2281 7632
2470 7633
4275 7634
3810 7635
2758 7636
3548 7637
4885 7638
244 7639
4305 7640
4504 7641
4213 7642
4819 7643
4874 7644
548 7645
4161 7646
4523 7647
219 7648
4658 7649
4791 7650
205 7651
2136 7652
843 7653
611 7654
750 7655
959 7656
4096 7657
3920 7658
2080 7659
1787 7660
4153 7661
4076 7662
741 7663
3102 7664
4241 7665
28 7666
364 7667
4542 7668
3039 7669
1623 7670
4611 7671
2426 7672
480 7673
430 7674
2142 7675
1472 7676
1717 7677
1669 7678
4969 7679
1329 7680
3280 7681
4057 7682
1827 7683
805 7684
2845 7685
1435 7686
2435 7687
4491 7688
2872 7689
1889 7690
911 7691
2462 7692
2279 7693
1491 7694
4709 7695
1130 7696
3559 7697
1223 7698
4666 7699
3606 7700
4625 7701
4722 7702
4157 7703
4982 7704
2138 7705
1532 7706
1776 7707
809 7708
649 7709
1300 7710
1746 7711
4209 7712
2081 7713
1351 7714
1419 7715
3805 7716
2659 7717
2513 7718
3949 7719
3993 7720
2922 7721
678 7722
4448 7723
1401 7724
3468 7725
1706 7726
2078 7727
755 7728
2091 7729
3276 7730
3670 7731
91 7732
1074 7733
4635 7734
3503 7735
4628 7736
259 7737
602 7738
3767 7739
390 7740
250 7741
2494 7742
4181 7743
1296 7744
1919 7745
2291 7746
4217 7747
4744 7748
2108 7749
467 7750
844 7751
3227 7752
2830 7753
2184 7754
4638 7755
958 7756
3303 7757
1721 7758
1717 7759
3584 7760
4335 7761
2562 7762
4224 7763
1068 7764
1591 7765
4155 7766
1358 7767
4558 7768
1227 7769
3904 7770
1963 7771
2968 7772
1001 7773
4811 7774
4015 7775
1690 7776
3708 7777
1230 7778
2035 7779
1929 7780
2783 7781
2040 7782
1083 7783
2046 7784
1782 7785
4816 7786
1677 7787
962 7788
3257 7789
3656 7790
1009 7791
2316 7792
3171 7793
1960 7794
329 7795
3309 7796
4053 7797
3974 7798
4389 7799
734 7800
4255 7801
1991 7802
683 7803
4902 7804
3695 7805
2933 7806
947 7807
1133 7808
3969 7809
4579 7810
4932 7811
48 7812
4943 7813
1872 7814
2267 7815
3066 7816
1795 7817
717 7818
4560 7819
399 7820
124 7821
1979 7822
1423 7823
186 7824
1532 7825
3085 7826
880 7827
516 7828
1654 7829
2130 7830
3905 7831
203 7832
1391 7833
3593 7834
822 7835
2803 7836
25 7837
1661 7838
3763 7839
906 7840
4824 7841
4158 7842
1769 7843
4037 7844
3069 7845
4173 7846
1633 7847
2220 7848
2717 7849
1308 7850
3305 7851
2405 7852
3812 7853
1826 7854
1839 7855
1520 7856
185 7857
4063 7858
1924 7859
2764 7860
2929 7861
1781 7862
849 7863
1105 7864
3059 7865
4503 7866
3749 7867
4656 7868
3668 7869
368 7870
3666 7871
606 7872
3456 7873
1620 7874
1879 7875
216 7876
855 7877
3276 7878
3830 7879
4303 7880
4452 7881
1201 7882
1183 7883
2592 7884
1226 7885
2905 7886
3000 7887
1184 7888
500 7889
3975 7890
1635 7891
384 7892
3960 7893
3980 7894
3573 7895
1019 7896
1966 7897
4246 7898
2407 7899
3152 7900
2528 7901
4647 7902
1490 7903
2593 7904
2648 7905
4026 7906
1722 7907
1825 7908
1214 7909
4181 7910
3144 7911
4104 7912
3059 7913
4285 7914
2483 7915
3502 7916
3487 7917
48 7918
1386 7919
1809 7920
1676 7921
1188 7922
882 7923
2307 7924
2270 7925
2130 7926
2296 7927
2489 7928
4196 7929
531 7930
214 7931
134 7932
946 7933
1342 7934
3256 7935
319 7936
3018 7937
497 7938
4903 7939
4585 7940
1278 7941
3689 7942
1273 7943
4723 7944
1877 7945
414 7946
301 7947
4053 7948
935 7949
3204 7950
2013 7951
2665 7952
746 7953
26 7954
4883 7955
494 7956
1822 7957
4203 7958
196 7959
1950 7960
346 7961
3125 7962
2159 7963
4917 7964
4707 7965
3511 7966
1851 7967
2773 7968
3012 7969
1112 7970
4383 7971
596 7972
4621 7973
4269 7974
4549 7975
353 7976
2076 7977
3719 7978
3749 7979
642 7980
351 7981
222 7982
3407 7983
2465 7984
2571 7985
3547 7986
1562 7987
2730 7988
3026 7989
1616 7990
1763 7991
3025 7992
2709 7993
4979 7994
3710 7995
979 7996
1592 7997
3239 7998
2570 7999
38 8000
1682 8001
1908 8002
4140 8003
1657 8004
1264 8005
2963 8006
4495 8007
172 8008
982 8009
4294 8010
2420 8011
1589 8012
2735 8013
743 8014
2635 8015
1558 8016
2619 8017
4094 8018
2632 8019
2056 8020
1059 8021
357 8022
2223 8023
1553 8024
315 8025
3878 8026
4131 8027
939 8028
3595 8029
1053 8030
346 8031
4408 8032
3134 8033
982 8034
3630 8035
1496 8036
3213 8037
2482 8038
3944 8039
2228 8040
424 8041
3742 8042
254 8043
4370 8044
532 8045
633 8046
271 8047
835 8048
4188 8049
2741 8050
1389 8051
661 8052
4764 8053
4312 8054
891 8055
2236 8056
573 8057
2466 8058
3712 8059
2675 8060
1383 8061
2054 8062
297 8063
2593 8064
2084 8065
163 8066
1658 8067
3542 8068
4473 8069
2883 8070
4238 8071
108 8072
2839 8073
2396 8074
3886 8075
1164 8076
3176 8077
2001 8078
429 8079
1724 8080
2856 8081
1523 8082
1047 8083
440 8084
4981 8085
1938 8086
40 8087
2544 8088
4270 8089
3768 8090
3765 8091
2666 8092
387 8093
1462 8094
4405 8095
3519 8096
1074 8097
4463 8098
1953 8099
2605 8100
2168 8101
3798 8102
260 8103
160 8104
1820 8105
4325 8106
3758 8107
3849 8108
4322 8109
954 8110
2958 8111
1747 8112
907 8113
1757 8114
1949 8115
1890 8116
1214 8117
2361 8118
3258 8119
3258 8120
3928 8121
3445 8122
1629 8123
2093 8124
1933 8125
169 8126
2065 8127
2750 8128
478 8129
3183 8130
2592 8131
968 8132
3184 8133
526 8134
401 8135
376 8136
2687 8137
2882 8138
1881 8139
2909 8140
3518 8141
4844 8142
4569 8143
640 8144
4578 8145
2945 8146
2134 8147
3532 8148
2187 8149
1506 8150
2094 8151
3479 8152
996 8153
4216 8154
116 8155
4614 8156
4890 8157
862 8158
4530 8159
3067 8160
4049 8161
2125 8162
2678 8163
68 8164
3631 8165
713 8166
1592 8167
962 8168
4145 8169
4602 8170
2966 8171
1853 8172
2854 8173
2245 8174
1611 8175
2549 8176
1817 8177
4421 8178
3441 8179
270 8180
1390 8181
1516 8182
508 8183
2842 8184
4203 8185
1986 8186
1934 8187
266 8188
1245 8189
1353 8190
3791 8191
3887 8192
50 8193
829 8194
4012 8195
3819 8196
3832 8197
4900 8198
3723 8199
986 8200
3276 8201
305 8202
524 8203
17 8204
3086 8205
753 8206
619 8207
4391 8208
4521 8209
3154 8210
1510 8211
1705 8212
984 8213
3557 8214
3772 8215
4301 8216
663 8217
2487 8218
1397 8219
3785 8220
3300 8221
2894 8222
3151 8223
1848 8224
2894 8225
2018 8226
3295 8227
1965 8228
2783 8229
3205 8230
1324 8231
2285 8232
1668 8233
4543 8234
1863 8235
2540 8236
4191 8237
1406 8238
2212 8239
3071 8240
1299 8241
3721 8242
2453 8243
4366 8244
1796 8245
4465 8246
670 8247
4123 8248
2538 8249
1316 8250
487 8251
1288 8252
3706 8253
764 8254
3326 8255
223 8256
2052 8257
3248 8258
1602 8259
48 8260
1469 8261
1409 8262
4107 8263
10 8264
2066 8265
3378 8266
4769 8267
2616 8268
2590 8269
4817 8270
4976 8271
4907 8272
809 8273
3332 8274
3956 8275
1165 8276
4969 8277
3425 8278
3522 8279
1341 8280
2053 8281
4451 8282
1663 8283
4691 8284
2651 8285
909 8286
2992 8287
2275 8288
4825 8289
259 8290
4906 8291
4440 8292
2318 8293
2094 8294
3100 8295
397 8296
2269 8297
1056 8298
1376 8299
3686 8300
1692 8301
1721 8302
4355 8303
3434 8304
1219 8305
1257 8306
1957 8307
259 8308
1996 8309
1964 8310
3160 8311
3851 8312
360 8313
505 8314
84 8315
1193 8316
1770 8317
4397 8318
2137 8319
134 8320
4122 8321
299 8322
4657 8323
1766 8324
1980 8325
3512 8326
2290 8327
2453 8328
2907 8329
1104 8330
3739 8331
3898 8332
1354 8333
3519 8334
980 8335
1050 8336
2400 8337
2722 8338
640 8339
1736 8340
1905 8341
57 8342
1729 8343
4541 8344
340 8345
147 8346
806 8347
3786 8348
4137 8349
4644 8350
1485 8351
3692 8352
2903 8353
4351 8354
2777 8355
2800 8356
1319 8357
1262 8358
303 8359
3497 8360
2441 8361
3561 8362
3267 8363
2227 8364
3422 8365
3412 8366
4569 8367
2919 8368
956 8369
2241 8370
2990 8371
4286 8372
171 8373
1699 8374
3783 8375
163 8376
1032 8377
7 8378
1586 8379
4074 8380
4824 8381
2410 8382
3075 8383
3386 8384
2512 8385
4904 8386
3312 8387
248 8388
3192 8389
3836 8390
3174 8391
4164 8392
2711 8393
2197 8394
4614 8395
3445 8396
638 8397
4722 8398
30 8399
2519 8400
2418 8401
2507 8402
3016 8403
1852 8404
3710 8405
1560 8406
4066 8407
233 8408
1531 8409
3222 8410
1204 8411
1133 8412
343 8413
1352 8414
4129 8415
738 8416
4345 8417
3185 8418
3008 8419
3737 8420
3577 8421
2075 8422
3802 8423
627 8424
2839 8425
1743 8426
3462 8427
934 8428
511 8429
4216 8430
4675 8431
1645 8432
1826 8433
3274 8434
3526 8435
2528 8436
885 8437
1651 8438
4182 8439
2582 8440
1535 8441
1665 8442
2240 8443
3192 8444
3647 8445
3022 8446
2057 8447
585 8448
2634 8449
1376 8450
2411 8451
4829 8452
993 8453
4166 8454
2498 8455
4601 8456
2552 8457
3435 8458
1514 8459
2772 8460
4217 8461
2683 8462
461 8463
405 8464
2598 8465
255 8466
29 8467
4109 8468
2596 8469
1882 8470
921 8471
3357 8472
798 8473
3713 8474
2748 8475
3183 8476
1912 8477
3545 8478
3356 8479
2757 8480
4985 8481
1491 8482
315 8483
2010 8484
401 8485
1191 8486
4756 8487
1664 8488
4407 8489
2795 8490
1499 8491
1195 8492
477 8493
1582 8494
1203 8495
4445 8496
984 8497
120 8498
2378 8499
773 8500
641 8501
4508 8502
160 8503
4245 8504
2456 8505
933 8506
132 8507
3190 8508
4302 8509
4166 8510
4709 8511
946 8512
3514 8513
3182 8514
2088 8515
1240 8516
433 8517
1577 8518
163 8519
2385 8520
4343 8521
756 8522
4395 8523
911 8524
1127 8525
4718 8526
3675 8527
4955 8528
1064 8529
3823 8530
3681 8531
4718 8532
3258 8533
1907 8534
740 8535
247 8536
1925 8537
2495 8538
2267 8539
1 8540
1428 8541
4025 8542
4664 8543
2161 8544
4266 8545
3158 8546
3573 8547
2085 8548
2259 8549
1651 8550
3486 8551
3422 8552
577 8553
3079 8554
2754 8555
3557 8556
4998 8557
3793 8558
1520 8559
1438 8560
2521 8561
3827 8562
293 8563
1201 8564
682 8565
3800 8566
1134 8567
1902 8568
775 8569
4654 8570
3057 8571
4551 8572
2566 8573
1837 8574
1950 8575
624 8576
2792 8577
1861 8578
4413 8579
1588 8580
2947 8581
2857 8582
1908 8583
4748 8584
4706 8585
1487 8586
4602 8587
2150 8588
141 8589
2855 8590
3010 8591
1711 8592
2323 8593
780 8594
4592 8595
726 8596
2908 8597
2806 8598
1683 8599
3067 8600
83 8601
1827 8602
202 8603
261 8604
2311 8605
1982 8606
2711 8607
2747 8608
3022 8609
692 8610
2500 8611
1494 8612
1557 8613
3437 8614
4471 8615
1329 8616
2839 8617
887 8618
4539 8619
2182 8620
3819 8621
524 8622
3833 8623
4131 8624
817 8625
2385 8626
533 8627
1276 8628
284 8629
1665 8630
135 8631
914 8632
2080 8633
3285 8634
1877 8635
1922 8636
2827 8637
1191 8638
2179 8639
1609 8640
4492 8641
3108 8642
2297 8643
2150 8644
814 8645
2854 8646
2634 8647
4764 8648
2781 8649
3243 8650
4866 8651
3297 8652
2520 8653
1638 8654
4863 8655
3146 8656
3951 8657
4532 8658
2542 8659
3889 8660
692 8661
2688 8662
1650 8663
926 8664
4054 8665
3134 8666
607 8667
4030 8668
1595 8669
764 8670
2996 8671
4701 8672
1246 8673
756 8674
971 8675
1381 8676
989 8677
4592 8678
2485 8679
1649 8680
4075 8681
2029 8682
2231 8683
4842 8684
3619 8685
2834 8686
1062 8687
3194 8688
4961 8689
2394 8690
3847 8691
403 8692
1238 8693
1632 8694
1577 8695
3580 8696
3349 8697
891 8698
3839 8699
784 8700
2539 8701
449 8702
3538 8703
4505 8704
3479 8705
4009 8706
34 8707
4488 8708
469 8709
2807 8710
306 8711
2440 8712
2416 8713
1126 8714
3757 8715
319 8716
4812 8717
869 8718
4799 8719
351 8720
2684 8721
4874 8722
924 8723
1257 8724
2143 8725
1050 8726
3801 8727
991 8728
1237 8729
903 8730
1148 8731
2758 8732
1025 8733
4561 8734
2950 8735
4595 8736
4220 8737
305 8738
3700 8739
2602 8740
2411 8741
1773 8742
2008 8743
2585 8744
779 8745
2024 8746
367 8747
701 8748
1915 8749
2621 8750
3636 8751
2908 8752
4335 8753
1841 8754
4046 8755
4369 8756
1723 8757
3615 8758
3492 8759
263 8760
2947 8761
703 8762
2578 8763
3007 8764
3863 8765
2542 8766
1656 8767
4080 8768
1554 8769
260 8770
532 8771
2103 8772
1414 8773
3114 8774
373 8775
3621 8776
522 8777
1075 8778
4006 8779
3344 8780
3280 8781
92 8782
1992 8783
799 8784
4416 8785
2439 8786
1742 8787
4037 8788
3635 8789
2674 8790
4359 8791
4590 8792
415 8793
4330 8794
1428 8795
1510 8796
4858 8797
3950 8798
847 8799
2614 8800
4166 8801
1004 8802
2340 8803
3526 8804
4067 8805
3572 8806
3361 8807
2626 8808
831 8809
4458 8810
4872 8811
304 8812
386 8813
3172 8814
1700 8815
1168 8816
3030 8817
2326 8818
1331 8819
2033 8820
4079 8821
1144 8822
297 8823
2710 8824
78 8825
1788 8826
341 8827
4624 8828
2029 8829
3467 8830
222 8831
3162 8832
1353 8833
1171 8834
3637 8835
2107 8836
2859 8837
13 8838
800 8839
2767 8840
949 8841
2091 8842
1959 8843
565 8844
4471 8845
1333 8846
2004 8847
2804 8848
886 8849
2568 8850
3389 8851
2054 8852
2926 8853
2059 8854
386 8855
4444 8856
3983 8857
131 8858
1888 8859
1187 8860
2066 8861
3120 8862
794 8863
4780 8864
4689 8865
2582 8866
1057 8867
2234 8868
41 8869
4420 8870
2702 8871
4975 8872
724 8873
4849 8874
286 8875
38 8876
1000 8877
1935 8878
1784 8879
2256 8880
974 8881
1288 8882
2287 8883
1955 8884
2036 8885
1356 8886
2794 8887
1834 8888
330 8889
2376 8890
214 8891
4732 8892
876 8893
606 8894
4313 8895
1517 8896
4129 8897
4664 8898
4483 8899
224 8900
4307 8901
1127 8902
3714 8903
1274 8904
609 8905
2890 8906
346 8907
1562 8908
1873 8909
4686 8910
1783 8911
1617 8912
4664 8913
344 8914
646 8915
4289 8916
4164 8917
4538 8918
878 8919
1333 8920
1276 8921
2500 8922
1034 8923
2402 8924
1907 8925
420 8926
1615 8927
4055 8928
2460 8929
1706 8930
4275 8931
2644 8932
1348 8933
2361 8934
899 8935
3673 8936
1113 8937
4557 8938
4207 8939
2677 8940
3211 8941
2193 8942
2931 8943
1292 8944
3933 8945
3102 8946
2112 8947
2991 8948
4608 8949
2781 8950
2627 8951
4384 8952
681 8953
3760 8954
2766 8955
1587 8956
3952 8957
2727 8958
3171 8959
2523 8960
297 8961
2825 8962
2366 8963
4116 8964
4969 8965
2695 8966
404 8967
825 8968
576 8969
250 8970
2737 8971
77 8972
2581 8973
1631 8974
1344 8975
2776 8976
263 8977
3886 8978
4130 8979
17 8980
2334 8981
4606 8982
3447 8983
748 8984
1914 8985
926 8986
4854 8987
3832 8988
3349 8989
40 8990
2417 8991
4235 8992
1085 8993
3103 8994
3936 8995
2289 8996
4296 8997
1825 8998
1338 8999
1370 9000
717 9001
1326 9002
1726 9003
157 9004
1764 9005
847 9006
4448 9007
332 9008
1839 9009
755 9010
2394 9011
931 9012
3300 9013
3108 9014
601 9015
3497 9016
1722 9017
1946 9018
3311 9019
4834 9020
101 9021
2215 9022
1873 9023
3172 9024
1104 9025
1351 9026
194 9027
3960 9028
2122 9029
2341 9030
220 9031
41 9032
3312 9033
2881 9034
4088 9035
3464 9036
4534 9037
33 9038
2635 9039
1533 9040
3578 9041
1051 9042
3621 9043
995 9044
4357 9045
2050 9046
1541 9047
1246 9048
4681 9049
4056 9050
4629 9051
2768 9052
1203 9053
4780 9054
4248 9055
2731 9056
10 9057
2890 9058
1142 9059
86 9060
4905 9061
1405 9062
2660 9063
2107 9064
192 9065
3740 9066
3215 9067
250 9068
562 9069
1730 9070
3154 9071
2271 9072
1005 9073
3073 9074
3331 9075
2402 9076
4900 9077
316 9078
3356 9079
922 9080
3203 9081
1000 9082
1871 9083
2733 9084
2321 9085
613 9086
4110 9087
4069 9088
1966 9089
4550 9090
2811 9091
1869 9092
1651 9093
4076 9094
1677 9095
1155 9096
4341 9097
4789 9098
3520 9099
2690 9100
4830 9101
3597 9102
3444 9103
1200 9104
797 9105
1633 9106
2514 9107
2045 9108
219 9109
4138 9110
547 9111
2768 9112
2525 9113
1928 9114
3574 9115
3434 9116
3887 9117
4381 9118
3991 9119
3889 9120
66 9121
4119 9122
3931 9123
1892 9124
2256 9125
533 9126
3251 9127
1311 9128
3804 9129
96 9130
3215 9131
2117 9132
2672 9133
3966 9134
580 9135
3615 9136
1362 9137
271 9138
3735 9139
3195 9140
365 9141
4868 9142
4472 9143
4794 9144
2942 9145
3602 9146
2078 9147
1602 9148
2229 9149
4753 9150
2735 9151
2205 9152
1908 9153
3121 9154
2579 9155
1890 9156
1383 9157
526 9158
4675 9159
15 9160
3901 9161
4687 9162
3763 9163
2336 9164
1956 9165
2965 9166
722 9167
2028 9168
41 9169
1812 9170
2811 9171
1602 9172
4063 9173
3431 9174
3910 9175
3872 9176
3678 9177
3190 9178
2969 9179
3120 9180
1212 9181
4416 9182
4920 9183
122 9184
3472 9185
134 9186
2857 9187
3300 9188
2366 9189
4476 9190
1205 9191
247 9192
3886 9193
1199 9194
2650 9195
3532 9196
1449 9197
3616 9198
3542 9199
36 9200
1451 9201
4494 9202
1580 9203
2165 9204
4257 9205
1970 9206
2818 9207
4640 9208
690 9209
4370 9210
3407 9211
250 9212
2824 9213
1182 9214
4212 9215
3733 9216
794 9217
4147 9218
2116 9219
2812 9220
4979 9221
153 9222
2729 9223
3852 9224
292 9225
2127 9226
3387 9227
3368 9228
2458 9229
1841 9230
29 9231
4554 9232
820 9233
3610 9234
2906 9235
4487 9236
3654 9237
4424 9238
2018 9239
2275 9240
1088 9241
104 9242
1029 9243
503 9244
4370 9245
1302 9246
1692 9247
225 9248
3287 9249
3435 9250
3183 9251
167 9252
1543 9253
442 9254
3228 9255
2117 9256
2480 9257
2572 9258
510 9259
3657 9260
2186 9261
3128 9262
1349 9263
3039 9264
1202 9265
411 9266
678 9267
101 9268
307 9269
2084 9270
1971 9271
821 9272
4262 9273
3760 9274
2267 9275
2771 9276
3497 9277
56 9278
847 9279
95 9280
425 9281
553 9282
1007 9283
910 9284
2491 9285
1130 9286
2415 9287
3514 9288
423 9289
273 9290
2350 9291
3142 9292
2599 9293
3091 9294
540 9295
1257 9296
3483 9297
432 9298
4805 9299
4686 9300
361 9301
4678 9302
545 9303
1533 9304
761 9305
3543 9306
1807 9307
3421 9308
397 9309
3387 9310
2579 9311
4383 9312
1731 9313
690 9314
1012 9315
1411 9316
3030 9317
2022 9318
1867 9319
961 9320
4692 9321
2798 9322
492 9323
265 9324
1562 9325
3012 9326
819 9327
3293 9328
1380 9329
168 9330
1227 9331
1405 9332
3079 9333
964 9334
799 9335
85 9336
3411 9337
839 9338
3130 9339
199 9340
1700 9341
2368 9342
4651 9343
2444 9344
663 9345
1646 9346
1872 9347
521 9348
4806 9349
4145 9350
2797 9351
1235 9352
3145 9353
3677 9354
4769 9355
398 9356
3927 9357
971 9358
43 9359
997 9360
4764 9361
4846 9362
4675 9363
2019 9364
4718 9365
914 9366
2649 9367
2137 9368
2870 9369
1318 9370
745 9371
552 9372
3260 9373
2637 9374
2239 9375
4170 9376
2409 9377
1627 9378
3833 9379
1789 9380
3685 9381
873 9382
3829 9383
1656 9384
4790 9385
173 9386
1587 9387
290 9388
1545 9389
2941 9390
706 9391
2307 9392
2465 9393
1204 9394
2588 9395
1319 9396
753 9397
3525 9398
655 9399
1118 9400
952 9401
3835 9402
2407 9403
1629 9404
4595 9405
2729 9406
156 9407
2772 9408
536 9409
3124 9410
2619 9411
2920 9412
4749 9413
2373 9414
3225 9415
2858 9416
3145 9417
3279 9418
603 9419
1942 9420
2704 9421
2795 9422
2713 9423
701 9424
2788 9425
2486 9426
1748 9427
4921 9428
3099 9429
3464 9430
4006 9431
2094 9432
3973 9433
4303 9434
1897 9435
4732 9436
2220 9437
4076 9438
3397 9439
1997 9440
1992 9441
2362 9442
4974 9443
770 9444
1751 9445
38 9446
4434 9447
1017 9448
2880 9449
503 9450
2494 9451
3732 9452
1590 9453
3976 9454
3380 9455
749 9456
2998 9457
2895 9458
2187 9459
4246 9460
668 9461
521 9462
2632 9463
122 9464
1636 9465
1819 9466
1794 9467
319 9468
4637 9469
458 9470
1599 9471
1683 9472
456 9473
2072 9474
1995 9475
4670 9476
983 9477
2051 9478
4989 9479
620 9480
3722 9481
856 9482
1194 9483
1516 9484
2702 9485
2820 9486
1886 9487
4232 9488
1515 9489
3144 9490
2188 9491
3765 9492
1037 9493
1827 9494
4999 9495
1896 9496
3692 9497
4760 9498
703 9499
1867 9500
4021 9501
220 9502
1259 9503
4434 9504
1312 9505
947 9506
2474 9507
883 9508
4083 9509
1722 9510
2615 9511
1697 9512
1004 9513
4310 9514
2203 9515
2527 9516
4212 9517
789 9518
4822 9519
126 9520
2360 9521
453 9522
3833 9523
3202 9524
1003 9525
4639 9526
311 9527
780 9528
3279 9529
243 9530
2702 9531
913 9532
3988 9533
2385 9534
4059 9535
3943 9536
1675 9537
4187 9538
1232 9539
2046 9540
3007 9541
3028 9542
2442 9543
365 9544
2339 9545
122 9546
1500 9547
1474 9548
2958 9549
3912 9550
3963 9551
4066 9552
4614 9553
3002 9554
229 9555
4208 9556
2129 9557
1335 9558
1854 9559
2324 9560
3586 9561
4112 9562
1219 9563
4791 9564
2922 9565
1093 9566
1323 9567
1668 9568
2589 9569
726 9570
1886 9571
3274 9572
1153 9573
1745 9574
1466 9575
509 9576
1494 9577
728 9578
1638 9579
4447 9580
545 9581
3891 9582
176 9583
3332 9584
2415 9585
479 9586
3277 9587
2589 9588
1874 9589
4409 9590
3106 9591
2070 9592
635 9593
951 9594
2378 9595
3894 9596
2875 9597
58 9598
1778 9599
156 9600
4605 9601
1004 9602
4077 9603
4385 9604
2810 9605
4316 9606
4094 9607
2102 9608
2293 9609
79 9610
641 9611
10 9612
2247 9613
4774 9614
4507 9615
742 9616
3275 9617
1306 9618
4810 9619
3849 9620
1911 9621
935 9622
4404 9623
3871 9624
1051 9625
4621 9626
3883 9627
2185 9628
118 9629
1435 9630
3246 9631
4720 9632
1655 9633
4199 9634
3472 9635
3798 9636
2039 9637
4535 9638
2146 9639
107 9640
1392 9641
1952 9642
336 9643
3654 9644
3104 9645
731 9646
2646 9647
2426 9648
4767 9649
3186 9650
1556 9651
2648 9652
3683 9653
4197 9654
1274 9655
4900 9656
4291 9657
2172 9658
1683 9659
3909 9660
2912 9661
3631 9662
4282 9663
4538 9664
499 9665
996 9666
3987 9667
187 9668
2117 9669
3541 9670
2075 9671
1127 9672
1048 9673
2215 9674
3572 9675
2251 9676
1827 9677
1050 9678
2691 9679
2283 9680
619 9681
2010 9682
165 9683
1122 9684
4528 9685
3735 9686
3875 9687
93 9688
4869 9689
2161 9690
2752 9691
4111 9692
3191 9693
1271 9694
2529 9695
1553 9696
729 9697
261 9698
3337 9699
3600 9700
2762 9701
3139 9702
2749 9703
4530 9704
3578 9705
2114 9706
1450 9707
147 9708
1343 9709
4593 9710
2378 9711
2526 9712
1286 9713
174 9714
1641 9715
558 9716
3773 9717
305 9718
2006 9719
3247 9720
3452 9721
201 9722
2863 9723
1440 9724
2102 9725
1327 9726
813 9727
1020 9728
4767 9729
696 9730
260 9731
3789 9732
140 9733
1938 9734
2671 9735
224 9736
1903 9737
534 9738
1640 9739
1391 9740
1024 9741
1442 9742
4078 9743
1456 9744
3380 9745
4359 9746
4684 9747
1397 9748
4966 9749
1458 9750
650 9751
931 9752
214 9753
4541 9754
1039 9755
4245 9756
2787 9757
3115 9758
1602 9759
962 9760
2868 9761
4186 9762
3969 9763
210 9764
179 9765
1987 9766
4982 9767
1431 9768
1772 9769
1187 9770
4515 9771
3635 9772
6 9773
151 9774
352 9775
2914 9776
1347 9777
4430 9778
2346 9779
1558 9780
3097 9781
2646 9782
1105 9783
3022 9784
1482 9785
490 9786
2328 9787
3356 9788
4832 9789
3302 9790
4222 9791
1040 9792
889 9793
1351 9794
3028 9795
1467 9796
1928 9797
4907 9798
235 9799
