8998
1 2
2 3
3 4
4 5
5 6
6 7
7 8
8 9
9 10
10 11
11 12
12 13
13 14
14 15
15 16
16 17
17 18
18 19
19 20
20 21
21 22
22 23
23 24
24 25
25 26
26 27
27 28
28 29
29 30
30 31
31 32
32 33
33 34
34 35
35 36
36 37
37 38
38 39
39 40
40 41
41 42
42 43
43 44
44 45
45 46
46 47
47 48
48 49
49 50
50 51
51 52
52 53
53 54
54 55
55 56
56 57
57 58
58 59
59 60
60 61
61 62
62 63
63 64
64 65
65 66
66 67
67 68
68 69
69 70
70 71
71 72
72 73
73 74
74 75
75 76
76 77
77 78
78 79
79 80
80 81
81 82
82 83
83 84
84 85
85 86
86 87
87 88
88 89
89 90
90 91
91 92
92 93
93 94
94 95
95 96
96 97
97 98
98 99
99 100
100 101
101 102
102 103
103 104
104 105
105 106
106 107
107 108
108 109
109 110
110 111
111 112
112 113
113 114
114 115
115 116
116 117
117 118
118 119
119 120
120 121
121 122
122 123
123 124
124 125
125 126
126 127
127 128
128 129
129 130
130 131
131 132
132 133
133 134
134 135
135 136
136 137
137 138
138 139
139 140
140 141
141 142
142 143
143 144
144 145
145 146
146 147
147 148
148 149
149 150
150 151
151 152
152 153
153 154
154 155
155 156
156 157
157 158
158 159
159 160
160 161
161 162
162 163
163 164
164 165
165 166
166 167
167 168
168 169
169 170
170 171
171 172
172 173
173 174
174 175
175 176
176 177
177 178
178 179
179 180
180 181
181 182
182 183
183 184
184 185
185 186
186 187
187 188
188 189
189 190
190 191
191 192
192 193
193 194
194 195
195 196
196 197
197 198
198 199
199 200
200 201
201 202
202 203
203 204
204 205
205 206
206 207
207 208
208 209
209 210
210 211
211 212
212 213
213 214
214 215
215 216
216 217
217 218
218 219
219 220
220 221
221 222
222 223
223 224
224 225
225 226
226 227
227 228
228 229
229 230
230 231
231 232
232 233
233 234
234 235
235 236
236 237
237 238
238 239
239 240
240 241
241 242
242 243
243 244
244 245
245 246
246 247
247 248
248 249
249 250
250 251
251 252
252 253
253 254
254 255
255 256
256 257
257 258
258 259
259 260
260 261
261 262
262 263
263 264
264 265
265 266
266 267
267 268
268 269
269 270
270 271
271 272
272 273
273 274
274 275
275 276
276 277
277 278
278 279
279 280
280 281
281 282
282 283
283 284
284 285
285 286
286 287
287 288
288 289
289 290
290 291
291 292
292 293
293 294
294 295
295 296
296 297
297 298
298 299
299 300
300 301
301 302
302 303
303 304
304 305
305 306
306 307
307 308
308 309
309 310
310 311
311 312
312 313
313 314
314 315
315 316
316 317
317 318
318 319
319 320
320 321
321 322
322 323
323 324
324 325
325 326
326 327
327 328
328 329
329 330
330 331
331 332
332 333
333 334
334 335
335 336
336 337
337 338
338 339
339 340
340 341
341 342
342 343
343 344
344 345
345 346
346 347
347 348
348 349
349 350
350 351
351 352
352 353
353 354
354 355
355 356
356 357
357 358
358 359
359 360
360 361
361 362
362 363
363 364
364 365
365 366
366 367
367 368
368 369
369 370
370 371
371 372
372 373
373 374
374 375
375 376
376 377
377 378
378 379
379 380
380 381
381 382
382 383
383 384
384 385
385 386
386 387
387 388
388 389
389 390
390 391
391 392
392 393
393 394
394 395
395 396
396 397
397 398
398 399
399 400
400 401
401 402
402 403
403 404
404 405
405 406
406 407
407 408
408 409
409 410
410 411
411 412
412 413
413 414
414 415
415 416
416 417
417 418
418 419
419 420
420 421
421 422
422 423
423 424
424 425
425 426
426 427
427 428
428 429
429 430
430 431
431 432
432 433
433 434
434 435
435 436
436 437
437 438
438 439
439 440
440 441
441 442
442 443
443 444
444 445
445 446
446 447
447 448
448 449
449 450
450 451
451 452
452 453
453 454
454 455
455 456
456 457
457 458
458 459
459 460
460 461
461 462
462 463
463 464
464 465
465 466
466 467
467 468
468 469
469 470
470 471
471 472
472 473
473 474
474 475
475 476
476 477
477 478
478 479
479 480
480 481
481 482
482 483
483 484
484 485
485 486
486 487
487 488
488 489
489 490
490 491
491 492
492 493
493 494
494 495
495 496
496 497
497 498
498 499
499 500
500 501
501 502
502 503
503 504
504 505
505 506
506 507
507 508
508 509
509 510
510 511
511 512
512 513
513 514
514 515
515 516
516 517
517 518
518 519
519 520
520 521
521 522
522 523
523 524
524 525
525 526
526 527
527 528
528 529
529 530
530 531
531 532
532 533
533 534
534 535
535 536
536 537
537 538
538 539
539 540
540 541
541 542
542 543
543 544
544 545
545 546
546 547
547 548
548 549
549 550
550 551
551 552
552 553
553 554
554 555
555 556
556 557
557 558
558 559
559 560
560 561
561 562
562 563
563 564
564 565
565 566
566 567
567 568
568 569
569 570
570 571
571 572
572 573
573 574
574 575
575 576
576 577
577 578
578 579
579 580
580 581
581 582
582 583
583 584
584 585
585 586
586 587
587 588
588 589
589 590
590 591
591 592
592 593
593 594
594 595
595 596
596 597
597 598
598 599
599 600
600 601
601 602
602 603
603 604
604 605
605 606
606 607
607 608
608 609
609 610
610 611
611 612
612 613
613 614
614 615
615 616
616 617
617 618
618 619
619 620
620 621
621 622
622 623
623 624
624 625
625 626
626 627
627 628
628 629
629 630
630 631
631 632
632 633
633 634
634 635
635 636
636 637
637 638
638 639
639 640
640 641
641 642
642 643
643 644
644 645
645 646
646 647
647 648
648 649
649 650
650 651
651 652
652 653
653 654
654 655
655 656
656 657
657 658
658 659
659 660
660 661
661 662
662 663
663 664
664 665
665 666
666 667
667 668
668 669
669 670
670 671
671 672
672 673
673 674
674 675
675 676
676 677
677 678
678 679
679 680
680 681
681 682
682 683
683 684
684 685
685 686
686 687
687 688
688 689
689 690
690 691
691 692
692 693
693 694
694 695
695 696
696 697
697 698
698 699
699 700
700 701
701 702
702 703
703 704
704 705
705 706
706 707
707 708
708 709
709 710
710 711
711 712
712 713
713 714
714 715
715 716
716 717
717 718
718 719
719 720
720 721
721 722
722 723
723 724
724 725
725 726
726 727
727 728
728 729
729 730
730 731
731 732
732 733
733 734
734 735
735 736
736 737
737 738
738 739
739 740
740 741
741 742
742 743
743 744
744 745
745 746
746 747
747 748
748 749
749 750
750 751
751 752
752 753
753 754
754 755
755 756
756 757
757 758
758 759
759 760
760 761
761 762
762 763
763 764
764 765
765 766
766 767
767 768
768 769
769 770
770 771
771 772
772 773
773 774
774 775
775 776
776 777
777 778
778 779
779 780
780 781
781 782
782 783
783 784
784 785
785 786
786 787
787 788
788 789
789 790
790 791
791 792
792 793
793 794
794 795
795 796
796 797
797 798
798 799
799 800
800 801
801 802
802 803
803 804
804 805
805 806
806 807
807 808
808 809
809 810
810 811
811 812
812 813
813 814
814 815
815 816
816 817
817 818
818 819
819 820
820 821
821 822
822 823
823 824
824 825
825 826
826 827
827 828
828 829
829 830
830 831
831 832
832 833
833 834
834 835
835 836
836 837
837 838
838 839
839 840
840 841
841 842
842 843
843 844
844 845
845 846
846 847
847 848
848 849
849 850
850 851
851 852
852 853
853 854
854 855
855 856
856 857
857 858
858 859
859 860
860 861
861 862
862 863
863 864
864 865
865 866
866 867
867 868
868 869
869 870
870 871
871 872
872 873
873 874
874 875
875 876
876 877
877 878
878 879
879 880
880 881
881 882
882 883
883 884
884 885
885 886
886 887
887 888
888 889
889 890
890 891
891 892
892 893
893 894
894 895
895 896
896 897
897 898
898 899
899 900
900 901
901 902
902 903
903 904
904 905
905 906
906 907
907 908
908 909
909 910
910 911
911 912
912 913
913 914
914 915
915 916
916 917
917 918
918 919
919 920
920 921
921 922
922 923
923 924
924 925
925 926
926 927
927 928
928 929
929 930
930 931
931 932
932 933
933 934
934 935
935 936
936 937
937 938
938 939
939 940
940 941
941 942
942 943
943 944
944 945
945 946
946 947
947 948
948 949
949 950
950 951
951 952
952 953
953 954
954 955
955 956
956 957
957 958
958 959
959 960
960 961
961 962
962 963
963 964
964 965
965 966
966 967
967 968
968 969
969 970
970 971
971 972
972 973
973 974
974 975
975 976
976 977
977 978
978 979
979 980
980 981
981 982
982 983
983 984
984 985
985 986
986 987
987 988
988 989
989 990
990 991
991 992
992 993
993 994
994 995
995 996
996 997
997 998
998 999
999 1000
1000 1001
1001 1002
1002 1003
1003 1004
1004 1005
1005 1006
1006 1007
1007 1008
1008 1009
1009 1010
1010 1011
1011 1012
1012 1013
1013 1014
1014 1015
1015 1016
1016 1017
1017 1018
1018 1019
1019 1020
1020 1021
1021 1022
1022 1023
1023 1024
1024 1025
1025 1026
1026 1027
1027 1028
1028 1029
1029 1030
1030 1031
1031 1032
1032 1033
1033 1034
1034 1035
1035 1036
1036 1037
1037 1038
1038 1039
1039 1040
1040 1041
1041 1042
1042 1043
1043 1044
1044 1045
1045 1046
1046 1047
1047 1048
1048 1049
1049 1050
1050 1051
1051 1052
1052 1053
1053 1054
1054 1055
1055 1056
1056 1057
1057 1058
1058 1059
1059 1060
1060 1061
1061 1062
1062 1063
1063 1064
1064 1065
1065 1066
1066 1067
1067 1068
1068 1069
1069 1070
1070 1071
1071 1072
1072 1073
1073 1074
1074 1075
1075 1076
1076 1077
1077 1078
1078 1079
1079 1080
1080 1081
1081 1082
1082 1083
1083 1084
1084 1085
1085 1086
1086 1087
1087 1088
1088 1089
1089 1090
1090 1091
1091 1092
1092 1093
1093 1094
1094 1095
1095 1096
1096 1097
1097 1098
1098 1099
1099 1100
1100 1101
1101 1102
1102 1103
1103 1104
1104 1105
1105 1106
1106 1107
1107 1108
1108 1109
1109 1110
1110 1111
1111 1112
1112 1113
1113 1114
1114 1115
1115 1116
1116 1117
1117 1118
1118 1119
1119 1120
1120 1121
1121 1122
1122 1123
1123 1124
1124 1125
1125 1126
1126 1127
1127 1128
1128 1129
1129 1130
1130 1131
1131 1132
1132 1133
1133 1134
1134 1135
1135 1136
1136 1137
1137 1138
1138 1139
1139 1140
1140 1141
1141 1142
1142 1143
1143 1144
1144 1145
1145 1146
1146 1147
1147 1148
1148 1149
1149 1150
1150 1151
1151 1152
1152 1153
1153 1154
1154 1155
1155 1156
1156 1157
1157 1158
1158 1159
1159 1160
1160 1161
1161 1162
1162 1163
1163 1164
1164 1165
1165 1166
1166 1167
1167 1168
1168 1169
1169 1170
1170 1171
1171 1172
1172 1173
1173 1174
1174 1175
1175 1176
1176 1177
1177 1178
1178 1179
1179 1180
1180 1181
1181 1182
1182 1183
1183 1184
1184 1185
1185 1186
1186 1187
1187 1188
1188 1189
1189 1190
1190 1191
1191 1192
1192 1193
1193 1194
1194 1195
1195 1196
1196 1197
1197 1198
1198 1199
1199 1200
1200 1201
1201 1202
1202 1203
1203 1204
1204 1205
1205 1206
1206 1207
1207 1208
1208 1209
1209 1210
1210 1211
1211 1212
1212 1213
1213 1214
1214 1215
1215 1216
1216 1217
1217 1218
1218 1219
1219 1220
1220 1221
1221 1222
1222 1223
1223 1224
1224 1225
1225 1226
1226 1227
1227 1228
1228 1229
1229 1230
1230 1231
1231 1232
1232 1233
1233 1234
1234 1235
1235 1236
1236 1237
1237 1238
1238 1239
1239 1240
1240 1241
1241 1242
1242 1243
1243 1244
1244 1245
1245 1246
1246 1247
1247 1248
1248 1249
1249 1250
1250 1251
1251 1252
1252 1253
1253 1254
1254 1255
1255 1256
1256 1257
1257 1258
1258 1259
1259 1260
1260 1261
1261 1262
1262 1263
1263 1264
1264 1265
1265 1266
1266 1267
1267 1268
1268 1269
1269 1270
1270 1271
1271 1272
1272 1273
1273 1274
1274 1275
1275 1276
1276 1277
1277 1278
1278 1279
1279 1280
1280 1281
1281 1282
1282 1283
1283 1284
1284 1285
1285 1286
1286 1287
1287 1288
1288 1289
1289 1290
1290 1291
1291 1292
1292 1293
1293 1294
1294 1295
1295 1296
1296 1297
1297 1298
1298 1299
1299 1300
1300 1301
1301 1302
1302 1303
1303 1304
1304 1305
1305 1306
1306 1307
1307 1308
1308 1309
1309 1310
1310 1311
1311 1312
1312 1313
1313 1314
1314 1315
1315 1316
1316 1317
1317 1318
1318 1319
1319 1320
1320 1321
1321 1322
1322 1323
1323 1324
1324 1325
1325 1326
1326 1327
1327 1328
1328 1329
1329 1330
1330 1331
1331 1332
1332 1333
1333 1334
1334 1335
1335 1336
1336 1337
1337 1338
1338 1339
1339 1340
1340 1341
1341 1342
1342 1343
1343 1344
1344 1345
1345 1346
1346 1347
1347 1348
1348 1349
1349 1350
1350 1351
1351 1352
1352 1353
1353 1354
1354 1355
1355 1356
1356 1357
1357 1358
1358 1359
1359 1360
1360 1361
1361 1362
1362 1363
1363 1364
1364 1365
1365 1366
1366 1367
1367 1368
1368 1369
1369 1370
1370 1371
1371 1372
1372 1373
1373 1374
1374 1375
1375 1376
1376 1377
1377 1378
1378 1379
1379 1380
1380 1381
1381 1382
1382 1383
1383 1384
1384 1385
1385 1386
1386 1387
1387 1388
1388 1389
1389 1390
1390 1391
1391 1392
1392 1393
1393 1394
1394 1395
1395 1396
1396 1397
1397 1398
1398 1399
1399 1400
1400 1401
1401 1402
1402 1403
1403 1404
1404 1405
1405 1406
1406 1407
1407 1408
1408 1409
1409 1410
1410 1411
1411 1412
1412 1413
1413 1414
1414 1415
1415 1416
1416 1417
1417 1418
1418 1419
1419 1420
1420 1421
1421 1422
1422 1423
1423 1424
1424 1425
1425 1426
1426 1427
1427 1428
1428 1429
1429 1430
1430 1431
1431 1432
1432 1433
1433 1434
1434 1435
1435 1436
1436 1437
1437 1438
1438 1439
1439 1440
1440 1441
1441 1442
1442 1443
1443 1444
1444 1445
1445 1446
1446 1447
1447 1448
1448 1449
1449 1450
1450 1451
1451 1452
1452 1453
1453 1454
1454 1455
1455 1456
1456 1457
1457 1458
1458 1459
1459 1460
1460 1461
1461 1462
1462 1463
1463 1464
1464 1465
1465 1466
1466 1467
1467 1468
1468 1469
1469 1470
1470 1471
1471 1472
1472 1473
1473 1474
1474 1475
1475 1476
1476 1477
1477 1478
1478 1479
1479 1480
1480 1481
1481 1482
1482 1483
1483 1484
1484 1485
1485 1486
1486 1487
1487 1488
1488 1489
1489 1490
1490 1491
1491 1492
1492 1493
1493 1494
1494 1495
1495 1496
1496 1497
1497 1498
1498 1499
1499 1500
1500 1501
1501 1502
1502 1503
1503 1504
1504 1505
1505 1506
1506 1507
1507 1508
1508 1509
1509 1510
1510 1511
1511 1512
1512 1513
1513 1514
1514 1515
1515 1516
1516 1517
1517 1518
1518 1519
1519 1520
1520 1521
1521 1522
1522 1523
1523 1524
1524 1525
1525 1526
1526 1527
1527 1528
1528 1529
1529 1530
1530 1531
1531 1532
1532 1533
1533 1534
1534 1535
1535 1536
1536 1537
1537 1538
1538 1539
1539 1540
1540 1541
1541 1542
1542 1543
1543 1544
1544 1545
1545 1546
1546 1547
1547 1548
1548 1549
1549 1550
1550 1551
1551 1552
1552 1553
1553 1554
1554 1555
1555 1556
1556 1557
1557 1558
1558 1559
1559 1560
1560 1561
1561 1562
1562 1563
1563 1564
1564 1565
1565 1566
1566 1567
1567 1568
1568 1569
1569 1570
1570 1571
1571 1572
1572 1573
1573 1574
1574 1575
1575 1576
1576 1577
1577 1578
1578 1579
1579 1580
1580 1581
1581 1582
1582 1583
1583 1584
1584 1585
1585 1586
1586 1587
1587 1588
1588 1589
1589 1590
1590 1591
1591 1592
1592 1593
1593 1594
1594 1595
1595 1596
1596 1597
1597 1598
1598 1599
1599 1600
1600 1601
1601 1602
1602 1603
1603 1604
1604 1605
1605 1606
1606 1607
1607 1608
1608 1609
1609 1610
1610 1611
1611 1612
1612 1613
1613 1614
1614 1615
1615 1616
1616 1617
1617 1618
1618 1619
1619 1620
1620 1621
1621 1622
1622 1623
1623 1624
1624 1625
1625 1626
1626 1627
1627 1628
1628 1629
1629 1630
1630 1631
1631 1632
1632 1633
1633 1634
1634 1635
1635 1636
1636 1637
1637 1638
1638 1639
1639 1640
1640 1641
1641 1642
1642 1643
1643 1644
1644 1645
1645 1646
1646 1647
1647 1648
1648 1649
1649 1650
1650 1651
1651 1652
1652 1653
1653 1654
1654 1655
1655 1656
1656 1657
1657 1658
1658 1659
1659 1660
1660 1661
1661 1662
1662 1663
1663 1664
1664 1665
1665 1666
1666 1667
1667 1668
1668 1669
1669 1670
1670 1671
1671 1672
1672 1673
1673 1674
1674 1675
1675 1676
1676 1677
1677 1678
1678 1679
1679 1680
1680 1681
1681 1682
1682 1683
1683 1684
1684 1685
1685 1686
1686 1687
1687 1688
1688 1689
1689 1690
1690 1691
1691 1692
1692 1693
1693 1694
1694 1695
1695 1696
1696 1697
1697 1698
1698 1699
1699 1700
1700 1701
1701 1702
1702 1703
1703 1704
1704 1705
1705 1706
1706 1707
1707 1708
1708 1709
1709 1710
1710 1711
1711 1712
1712 1713
1713 1714
1714 1715
1715 1716
1716 1717
1717 1718
1718 1719
1719 1720
1720 1721
1721 1722
1722 1723
1723 1724
1724 1725
1725 1726
1726 1727
1727 1728
1728 1729
1729 1730
1730 1731
1731 1732
1732 1733
1733 1734
1734 1735
1735 1736
1736 1737
1737 1738
1738 1739
1739 1740
1740 1741
1741 1742
1742 1743
1743 1744
1744 1745
1745 1746
1746 1747
1747 1748
1748 1749
1749 1750
1750 1751
1751 1752
1752 1753
1753 1754
1754 1755
1755 1756
1756 1757
1757 1758
1758 1759
1759 1760
1760 1761
1761 1762
1762 1763
1763 1764
1764 1765
1765 1766
1766 1767
1767 1768
1768 1769
1769 1770
1770 1771
1771 1772
1772 1773
1773 1774
1774 1775
1775 1776
1776 1777
1777 1778
1778 1779
1779 1780
1780 1781
1781 1782
1782 1783
1783 1784
1784 1785
1785 1786
1786 1787
1787 1788
1788 1789
1789 1790
1790 1791
1791 1792
1792 1793
1793 1794
1794 1795
1795 1796
1796 1797
1797 1798
1798 1799
1799 1800
1800 1801
1801 1802
1802 1803
1803 1804
1804 1805
1805 1806
1806 1807
1807 1808
1808 1809
1809 1810
1810 1811
1811 1812
1812 1813
1813 1814
1814 1815
1815 1816
1816 1817
1817 1818
1818 1819
1819 1820
1820 1821
1821 1822
1822 1823
1823 1824
1824 1825
1825 1826
1826 1827
1827 1828
1828 1829
1829 1830
1830 1831
1831 1832
1832 1833
1833 1834
1834 1835
1835 1836
1836 1837
1837 1838
1838 1839
1839 1840
1840 1841
1841 1842
1842 1843
1843 1844
1844 1845
1845 1846
1846 1847
1847 1848
1848 1849
1849 1850
1850 1851
1851 1852
1852 1853
1853 1854
1854 1855
1855 1856
1856 1857
1857 1858
1858 1859
1859 1860
1860 1861
1861 1862
1862 1863
1863 1864
1864 1865
1865 1866
1866 1867
1867 1868
1868 1869
1869 1870
1870 1871
1871 1872
1872 1873
1873 1874
1874 1875
1875 1876
1876 1877
1877 1878
1878 1879
1879 1880
1880 1881
1881 1882
1882 1883
1883 1884
1884 1885
1885 1886
1886 1887
1887 1888
1888 1889
1889 1890
1890 1891
1891 1892
1892 1893
1893 1894
1894 1895
1895 1896
1896 1897
1897 1898
1898 1899
1899 1900
1900 1901
1901 1902
1902 1903
1903 1904
1904 1905
1905 1906
1906 1907
1907 1908
1908 1909
1909 1910
1910 1911
1911 1912
1912 1913
1913 1914
1914 1915
1915 1916
1916 1917
1917 1918
1918 1919
1919 1920
1920 1921
1921 1922
1922 1923
1923 1924
1924 1925
1925 1926
1926 1927
1927 1928
1928 1929
1929 1930
1930 1931
1931 1932
1932 1933
1933 1934
1934 1935
1935 1936
1936 1937
1937 1938
1938 1939
1939 1940
1940 1941
1941 1942
1942 1943
1943 1944
1944 1945
1945 1946
1946 1947
1947 1948
1948 1949
1949 1950
1950 1951
1951 1952
1952 1953
1953 1954
1954 1955
1955 1956
1956 1957
1957 1958
1958 1959
1959 1960
1960 1961
1961 1962
1962 1963
1963 1964
1964 1965
1965 1966
1966 1967
1967 1968
1968 1969
1969 1970
1970 1971
1971 1972
1972 1973
1973 1974
1974 1975
1975 1976
1976 1977
1977 1978
1978 1979
1979 1980
1980 1981
1981 1982
1982 1983
1983 1984
1984 1985
1985 1986
1986 1987
1987 1988
1988 1989
1989 1990
1990 1991
1991 1992
1992 1993
1993 1994
1994 1995
1995 1996
1996 1997
1997 1998
1998 1999
1999 2000
2000 2001
2001 2002
2002 2003
2003 2004
2004 2005
2005 2006
2006 2007
2007 2008
2008 2009
2009 2010
2010 2011
2011 2012
2012 2013
2013 2014
2014 2015
2015 2016
2016 2017
2017 2018
2018 2019
2019 2020
2020 2021
2021 2022
2022 2023
2023 2024
2024 2025
2025 2026
2026 2027
2027 2028
2028 2029
2029 2030
2030 2031
2031 2032
2032 2033
2033 2034
2034 2035
2035 2036
2036 2037
2037 2038
2038 2039
2039 2040
2040 2041
2041 2042
2042 2043
2043 2044
2044 2045
2045 2046
2046 2047
2047 2048
2048 2049
2049 2050
2050 2051
2051 2052
2052 2053
2053 2054
2054 2055
2055 2056
2056 2057
2057 2058
2058 2059
2059 2060
2060 2061
2061 2062
2062 2063
2063 2064
2064 2065
2065 2066
2066 2067
2067 2068
2068 2069
2069 2070
2070 2071
2071 2072
2072 2073
2073 2074
2074 2075
2075 2076
2076 2077
2077 2078
2078 2079
2079 2080
2080 2081
2081 2082
2082 2083
2083 2084
2084 2085
2085 2086
2086 2087
2087 2088
2088 2089
2089 2090
2090 2091
2091 2092
2092 2093
2093 2094
2094 2095
2095 2096
2096 2097
2097 2098
2098 2099
2099 2100
2100 2101
2101 2102
2102 2103
2103 2104
2104 2105
2105 2106
2106 2107
2107 2108
2108 2109
2109 2110
2110 2111
2111 2112
2112 2113
2113 2114
2114 2115
2115 2116
2116 2117
2117 2118
2118 2119
2119 2120
2120 2121
2121 2122
2122 2123
2123 2124
2124 2125
2125 2126
2126 2127
2127 2128
2128 2129
2129 2130
2130 2131
2131 2132
2132 2133
2133 2134
2134 2135
2135 2136
2136 2137
2137 2138
2138 2139
2139 2140
2140 2141
2141 2142
2142 2143
2143 2144
2144 2145
2145 2146
2146 2147
2147 2148
2148 2149
2149 2150
2150 2151
2151 2152
2152 2153
2153 2154
2154 2155
2155 2156
2156 2157
2157 2158
2158 2159
2159 2160
2160 2161
2161 2162
2162 2163
2163 2164
2164 2165
2165 2166
2166 2167
2167 2168
2168 2169
2169 2170
2170 2171
2171 2172
2172 2173
2173 2174
2174 2175
2175 2176
2176 2177
2177 2178
2178 2179
2179 2180
2180 2181
2181 2182
2182 2183
2183 2184
2184 2185
2185 2186
2186 2187
2187 2188
2188 2189
2189 2190
2190 2191
2191 2192
2192 2193
2193 2194
2194 2195
2195 2196
2196 2197
2197 2198
2198 2199
2199 2200
2200 2201
2201 2202
2202 2203
2203 2204
2204 2205
2205 2206
2206 2207
2207 2208
2208 2209
2209 2210
2210 2211
2211 2212
2212 2213
2213 2214
2214 2215
2215 2216
2216 2217
2217 2218
2218 2219
2219 2220
2220 2221
2221 2222
2222 2223
2223 2224
2224 2225
2225 2226
2226 2227
2227 2228
2228 2229
2229 2230
2230 2231
2231 2232
2232 2233
2233 2234
2234 2235
2235 2236
2236 2237
2237 2238
2238 2239
2239 2240
2240 2241
2241 2242
2242 2243
2243 2244
2244 2245
2245 2246
2246 2247
2247 2248
2248 2249
2249 2250
2250 2251
2251 2252
2252 2253
2253 2254
2254 2255
2255 2256
2256 2257
2257 2258
2258 2259
2259 2260
2260 2261
2261 2262
2262 2263
2263 2264
2264 2265
2265 2266
2266 2267
2267 2268
2268 2269
2269 2270
2270 2271
2271 2272
2272 2273
2273 2274
2274 2275
2275 2276
2276 2277
2277 2278
2278 2279
2279 2280
2280 2281
2281 2282
2282 2283
2283 2284
2284 2285
2285 2286
2286 2287
2287 2288
2288 2289
2289 2290
2290 2291
2291 2292
2292 2293
2293 2294
2294 2295
2295 2296
2296 2297
2297 2298
2298 2299
2299 2300
2300 2301
2301 2302
2302 2303
2303 2304
2304 2305
2305 2306
2306 2307
2307 2308
2308 2309
2309 2310
2310 2311
2311 2312
2312 2313
2313 2314
2314 2315
2315 2316
2316 2317
2317 2318
2318 2319
2319 2320
2320 2321
2321 2322
2322 2323
2323 2324
2324 2325
2325 2326
2326 2327
2327 2328
2328 2329
2329 2330
2330 2331
2331 2332
2332 2333
2333 2334
2334 2335
2335 2336
2336 2337
2337 2338
2338 2339
2339 2340
2340 2341
2341 2342
2342 2343
2343 2344
2344 2345
2345 2346
2346 2347
2347 2348
2348 2349
2349 2350
2350 2351
2351 2352
2352 2353
2353 2354
2354 2355
2355 2356
2356 2357
2357 2358
2358 2359
2359 2360
2360 2361
2361 2362
2362 2363
2363 2364
2364 2365
2365 2366
2366 2367
2367 2368
2368 2369
2369 2370
2370 2371
2371 2372
2372 2373
2373 2374
2374 2375
2375 2376
2376 2377
2377 2378
2378 2379
2379 2380
2380 2381
2381 2382
2382 2383
2383 2384
2384 2385
2385 2386
2386 2387
2387 2388
2388 2389
2389 2390
2390 2391
2391 2392
2392 2393
2393 2394
2394 2395
2395 2396
2396 2397
2397 2398
2398 2399
2399 2400
2400 2401
2401 2402
2402 2403
2403 2404
2404 2405
2405 2406
2406 2407
2407 2408
2408 2409
2409 2410
2410 2411
2411 2412
2412 2413
2413 2414
2414 2415
2415 2416
2416 2417
2417 2418
2418 2419
2419 2420
2420 2421
2421 2422
2422 2423
2423 2424
2424 2425
2425 2426
2426 2427
2427 2428
2428 2429
2429 2430
2430 2431
2431 2432
2432 2433
2433 2434
2434 2435
2435 2436
2436 2437
2437 2438
2438 2439
2439 2440
2440 2441
2441 2442
2442 2443
2443 2444
2444 2445
2445 2446
2446 2447
2447 2448
2448 2449
2449 2450
2450 2451
2451 2452
2452 2453
2453 2454
2454 2455
2455 2456
2456 2457
2457 2458
2458 2459
2459 2460
2460 2461
2461 2462
2462 2463
2463 2464
2464 2465
2465 2466
2466 2467
2467 2468
2468 2469
2469 2470
2470 2471
2471 2472
2472 2473
2473 2474
2474 2475
2475 2476
2476 2477
2477 2478
2478 2479
2479 2480
2480 2481
2481 2482
2482 2483
2483 2484
2484 2485
2485 2486
2486 2487
2487 2488
2488 2489
2489 2490
2490 2491
2491 2492
2492 2493
2493 2494
2494 2495
2495 2496
2496 2497
2497 2498
2498 2499
2499 2500
2500 2501
2501 2502
2502 2503
2503 2504
2504 2505
2505 2506
2506 2507
2507 2508
2508 2509
2509 2510
2510 2511
2511 2512
2512 2513
2513 2514
2514 2515
2515 2516
2516 2517
2517 2518
2518 2519
2519 2520
2520 2521
2521 2522
2522 2523
2523 2524
2524 2525
2525 2526
2526 2527
2527 2528
2528 2529
2529 2530
2530 2531
2531 2532
2532 2533
2533 2534
2534 2535
2535 2536
2536 2537
2537 2538
2538 2539
2539 2540
2540 2541
2541 2542
2542 2543
2543 2544
2544 2545
2545 2546
2546 2547
2547 2548
2548 2549
2549 2550
2550 2551
2551 2552
2552 2553
2553 2554
2554 2555
2555 2556
2556 2557
2557 2558
2558 2559
2559 2560
2560 2561
2561 2562
2562 2563
2563 2564
2564 2565
2565 2566
2566 2567
2567 2568
2568 2569
2569 2570
2570 2571
2571 2572
2572 2573
2573 2574
2574 2575
2575 2576
2576 2577
2577 2578
2578 2579
2579 2580
2580 2581
2581 2582
2582 2583
2583 2584
2584 2585
2585 2586
2586 2587
2587 2588
2588 2589
2589 2590
2590 2591
2591 2592
2592 2593
2593 2594
2594 2595
2595 2596
2596 2597
2597 2598
2598 2599
2599 2600
2600 2601
2601 2602
2602 2603
2603 2604
2604 2605
2605 2606
2606 2607
2607 2608
2608 2609
2609 2610
2610 2611
2611 2612
2612 2613
2613 2614
2614 2615
2615 2616
2616 2617
2617 2618
2618 2619
2619 2620
2620 2621
2621 2622
2622 2623
2623 2624
2624 2625
2625 2626
2626 2627
2627 2628
2628 2629
2629 2630
2630 2631
2631 2632
2632 2633
2633 2634
2634 2635
2635 2636
2636 2637
2637 2638
2638 2639
2639 2640
2640 2641
2641 2642
2642 2643
2643 2644
2644 2645
2645 2646
2646 2647
2647 2648
2648 2649
2649 2650
2650 2651
2651 2652
2652 2653
2653 2654
2654 2655
2655 2656
2656 2657
2657 2658
2658 2659
2659 2660
2660 2661
2661 2662
2662 2663
2663 2664
2664 2665
2665 2666
2666 2667
2667 2668
2668 2669
2669 2670
2670 2671
2671 2672
2672 2673
2673 2674
2674 2675
2675 2676
2676 2677
2677 2678
2678 2679
2679 2680
2680 2681
2681 2682
2682 2683
2683 2684
2684 2685
2685 2686
2686 2687
2687 2688
2688 2689
2689 2690
2690 2691
2691 2692
2692 2693
2693 2694
2694 2695
2695 2696
2696 2697
2697 2698
2698 2699
2699 2700
2700 2701
2701 2702
2702 2703
2703 2704
2704 2705
2705 2706
2706 2707
2707 2708
2708 2709
2709 2710
2710 2711
2711 2712
2712 2713
2713 2714
2714 2715
2715 2716
2716 2717
2717 2718
2718 2719
2719 2720
2720 2721
2721 2722
2722 2723
2723 2724
2724 2725
2725 2726
2726 2727
2727 2728
2728 2729
2729 2730
2730 2731
2731 2732
2732 2733
2733 2734
2734 2735
2735 2736
2736 2737
2737 2738
2738 2739
2739 2740
2740 2741
2741 2742
2742 2743
2743 2744
2744 2745
2745 2746
2746 2747
2747 2748
2748 2749
2749 2750
2750 2751
2751 2752
2752 2753
2753 2754
2754 2755
2755 2756
2756 2757
2757 2758
2758 2759
2759 2760
2760 2761
2761 2762
2762 2763
2763 2764
2764 2765
2765 2766
2766 2767
2767 2768
2768 2769
2769 2770
2770 2771
2771 2772
2772 2773
2773 2774
2774 2775
2775 2776
2776 2777
2777 2778
2778 2779
2779 2780
2780 2781
2781 2782
2782 2783
2783 2784
2784 2785
2785 2786
2786 2787
2787 2788
2788 2789
2789 2790
2790 2791
2791 2792
2792 2793
2793 2794
2794 2795
2795 2796
2796 2797
2797 2798
2798 2799
2799 2800
2800 2801
2801 2802
2802 2803
2803 2804
2804 2805
2805 2806
2806 2807
2807 2808
2808 2809
2809 2810
2810 2811
2811 2812
2812 2813
2813 2814
2814 2815
2815 2816
2816 2817
2817 2818
2818 2819
2819 2820
2820 2821
2821 2822
2822 2823
2823 2824
2824 2825
2825 2826
2826 2827
2827 2828
2828 2829
2829 2830
2830 2831
2831 2832
2832 2833
2833 2834
2834 2835
2835 2836
2836 2837
2837 2838
2838 2839
2839 2840
2840 2841
2841 2842
2842 2843
2843 2844
2844 2845
2845 2846
2846 2847
2847 2848
2848 2849
2849 2850
2850 2851
2851 2852
2852 2853
2853 2854
2854 2855
2855 2856
2856 2857
2857 2858
2858 2859
2859 2860
2860 2861
2861 2862
2862 2863
2863 2864
2864 2865
2865 2866
2866 2867
2867 2868
2868 2869
2869 2870
2870 2871
2871 2872
2872 2873
2873 2874
2874 2875
2875 2876
2876 2877
2877 2878
2878 2879
2879 2880
2880 2881
2881 2882
2882 2883
2883 2884
2884 2885
2885 2886
2886 2887
2887 2888
2888 2889
2889 2890
2890 2891
2891 2892
2892 2893
2893 2894
2894 2895
2895 2896
2896 2897
2897 2898
2898 2899
2899 2900
2900 2901
2901 2902
2902 2903
2903 2904
2904 2905
2905 2906
2906 2907
2907 2908
2908 2909
2909 2910
2910 2911
2911 2912
2912 2913
2913 2914
2914 2915
2915 2916
2916 2917
2917 2918
2918 2919
2919 2920
2920 2921
2921 2922
2922 2923
2923 2924
2924 2925
2925 2926
2926 2927
2927 2928
2928 2929
2929 2930
2930 2931
2931 2932
2932 2933
2933 2934
2934 2935
2935 2936
2936 2937
2937 2938
2938 2939
2939 2940
2940 2941
2941 2942
2942 2943
2943 2944
2944 2945
2945 2946
2946 2947
2947 2948
2948 2949
2949 2950
2950 2951
2951 2952
2952 2953
2953 2954
2954 2955
2955 2956
2956 2957
2957 2958
2958 2959
2959 2960
2960 2961
2961 2962
2962 2963
2963 2964
2964 2965
2965 2966
2966 2967
2967 2968
2968 2969
2969 2970
2970 2971
2971 2972
2972 2973
2973 2974
2974 2975
2975 2976
2976 2977
2977 2978
2978 2979
2979 2980
2980 2981
2981 2982
2982 2983
2983 2984
2984 2985
2985 2986
2986 2987
2987 2988
2988 2989
2989 2990
2990 2991
2991 2992
2992 2993
2993 2994
2994 2995
2995 2996
2996 2997
2997 2998
2998 2999
2999 3000
3000 3001
3001 3002
3002 3003
3003 3004
3004 3005
3005 3006
3006 3007
3007 3008
3008 3009
3009 3010
3010 3011
3011 3012
3012 3013
3013 3014
3014 3015
3015 3016
3016 3017
3017 3018
3018 3019
3019 3020
3020 3021
3021 3022
3022 3023
3023 3024
3024 3025
3025 3026
3026 3027
3027 3028
3028 3029
3029 3030
3030 3031
3031 3032
3032 3033
3033 3034
3034 3035
3035 3036
3036 3037
3037 3038
3038 3039
3039 3040
3040 3041
3041 3042
3042 3043
3043 3044
3044 3045
3045 3046
3046 3047
3047 3048
3048 3049
3049 3050
3050 3051
3051 3052
3052 3053
3053 3054
3054 3055
3055 3056
3056 3057
3057 3058
3058 3059
3059 3060
3060 3061
3061 3062
3062 3063
3063 3064
3064 3065
3065 3066
3066 3067
3067 3068
3068 3069
3069 3070
3070 3071
3071 3072
3072 3073
3073 3074
3074 3075
3075 3076
3076 3077
3077 3078
3078 3079
3079 3080
3080 3081
3081 3082
3082 3083
3083 3084
3084 3085
3085 3086
3086 3087
3087 3088
3088 3089
3089 3090
3090 3091
3091 3092
3092 3093
3093 3094
3094 3095
3095 3096
3096 3097
3097 3098
3098 3099
3099 3100
3100 3101
3101 3102
3102 3103
3103 3104
3104 3105
3105 3106
3106 3107
3107 3108
3108 3109
3109 3110
3110 3111
3111 3112
3112 3113
3113 3114
3114 3115
3115 3116
3116 3117
3117 3118
3118 3119
3119 3120
3120 3121
3121 3122
3122 3123
3123 3124
3124 3125
3125 3126
3126 3127
3127 3128
3128 3129
3129 3130
3130 3131
3131 3132
3132 3133
3133 3134
3134 3135
3135 3136
3136 3137
3137 3138
3138 3139
3139 3140
3140 3141
3141 3142
3142 3143
3143 3144
3144 3145
3145 3146
3146 3147
3147 3148
3148 3149
3149 3150
3150 3151
3151 3152
3152 3153
3153 3154
3154 3155
3155 3156
3156 3157
3157 3158
3158 3159
3159 3160
3160 3161
3161 3162
3162 3163
3163 3164
3164 3165
3165 3166
3166 3167
3167 3168
3168 3169
3169 3170
3170 3171
3171 3172
3172 3173
3173 3174
3174 3175
3175 3176
3176 3177
3177 3178
3178 3179
3179 3180
3180 3181
3181 3182
3182 3183
3183 3184
3184 3185
3185 3186
3186 3187
3187 3188
3188 3189
3189 3190
3190 3191
3191 3192
3192 3193
3193 3194
3194 3195
3195 3196
3196 3197
3197 3198
3198 3199
3199 3200
3200 3201
3201 3202
3202 3203
3203 3204
3204 3205
3205 3206
3206 3207
3207 3208
3208 3209
3209 3210
3210 3211
3211 3212
3212 3213
3213 3214
3214 3215
3215 3216
3216 3217
3217 3218
3218 3219
3219 3220
3220 3221
3221 3222
3222 3223
3223 3224
3224 3225
3225 3226
3226 3227
3227 3228
3228 3229
3229 3230
3230 3231
3231 3232
3232 3233
3233 3234
3234 3235
3235 3236
3236 3237
3237 3238
3238 3239
3239 3240
3240 3241
3241 3242
3242 3243
3243 3244
3244 3245
3245 3246
3246 3247
3247 3248
3248 3249
3249 3250
3250 3251
3251 3252
3252 3253
3253 3254
3254 3255
3255 3256
3256 3257
3257 3258
3258 3259
3259 3260
3260 3261
3261 3262
3262 3263
3263 3264
3264 3265
3265 3266
3266 3267
3267 3268
3268 3269
3269 3270
3270 3271
3271 3272
3272 3273
3273 3274
3274 3275
3275 3276
3276 3277
3277 3278
3278 3279
3279 3280
3280 3281
3281 3282
3282 3283
3283 3284
3284 3285
3285 3286
3286 3287
3287 3288
3288 3289
3289 3290
3290 3291
3291 3292
3292 3293
3293 3294
3294 3295
3295 3296
3296 3297
3297 3298
3298 3299
3299 3300
3300 3301
3301 3302
3302 3303
3303 3304
3304 3305
3305 3306
3306 3307
3307 3308
3308 3309
3309 3310
3310 3311
3311 3312
3312 3313
3313 3314
3314 3315
3315 3316
3316 3317
3317 3318
3318 3319
3319 3320
3320 3321
3321 3322
3322 3323
3323 3324
3324 3325
3325 3326
3326 3327
3327 3328
3328 3329
3329 3330
3330 3331
3331 3332
3332 3333
3333 3334
3334 3335
3335 3336
3336 3337
3337 3338
3338 3339
3339 3340
3340 3341
3341 3342
3342 3343
3343 3344
3344 3345
3345 3346
3346 3347
3347 3348
3348 3349
3349 3350
3350 3351
3351 3352
3352 3353
3353 3354
3354 3355
3355 3356
3356 3357
3357 3358
3358 3359
3359 3360
3360 3361
3361 3362
3362 3363
3363 3364
3364 3365
3365 3366
3366 3367
3367 3368
3368 3369
3369 3370
3370 3371
3371 3372
3372 3373
3373 3374
3374 3375
3375 3376
3376 3377
3377 3378
3378 3379
3379 3380
3380 3381
3381 3382
3382 3383
3383 3384
3384 3385
3385 3386
3386 3387
3387 3388
3388 3389
3389 3390
3390 3391
3391 3392
3392 3393
3393 3394
3394 3395
3395 3396
3396 3397
3397 3398
3398 3399
3399 3400
3400 3401
3401 3402
3402 3403
3403 3404
3404 3405
3405 3406
3406 3407
3407 3408
3408 3409
3409 3410
3410 3411
3411 3412
3412 3413
3413 3414
3414 3415
3415 3416
3416 3417
3417 3418
3418 3419
3419 3420
3420 3421
3421 3422
3422 3423
3423 3424
3424 3425
3425 3426
3426 3427
3427 3428
3428 3429
3429 3430
3430 3431
3431 3432
3432 3433
3433 3434
3434 3435
3435 3436
3436 3437
3437 3438
3438 3439
3439 3440
3440 3441
3441 3442
3442 3443
3443 3444
3444 3445
3445 3446
3446 3447
3447 3448
3448 3449
3449 3450
3450 3451
3451 3452
3452 3453
3453 3454
3454 3455
3455 3456
3456 3457
3457 3458
3458 3459
3459 3460
3460 3461
3461 3462
3462 3463
3463 3464
3464 3465
3465 3466
3466 3467
3467 3468
3468 3469
3469 3470
3470 3471
3471 3472
3472 3473
3473 3474
3474 3475
3475 3476
3476 3477
3477 3478
3478 3479
3479 3480
3480 3481
3481 3482
3482 3483
3483 3484
3484 3485
3485 3486
3486 3487
3487 3488
3488 3489
3489 3490
3490 3491
3491 3492
3492 3493
3493 3494
3494 3495
3495 3496
3496 3497
3497 3498
3498 3499
3499 3500
3500 3501
3501 3502
3502 3503
3503 3504
3504 3505
3505 3506
3506 3507
3507 3508
3508 3509
3509 3510
3510 3511
3511 3512
3512 3513
3513 3514
3514 3515
3515 3516
3516 3517
3517 3518
3518 3519
3519 3520
3520 3521
3521 3522
3522 3523
3523 3524
3524 3525
3525 3526
3526 3527
3527 3528
3528 3529
3529 3530
3530 3531
3531 3532
3532 3533
3533 3534
3534 3535
3535 3536
3536 3537
3537 3538
3538 3539
3539 3540
3540 3541
3541 3542
3542 3543
3543 3544
3544 3545
3545 3546
3546 3547
3547 3548
3548 3549
3549 3550
3550 3551
3551 3552
3552 3553
3553 3554
3554 3555
3555 3556
3556 3557
3557 3558
3558 3559
3559 3560
3560 3561
3561 3562
3562 3563
3563 3564
3564 3565
3565 3566
3566 3567
3567 3568
3568 3569
3569 3570
3570 3571
3571 3572
3572 3573
3573 3574
3574 3575
3575 3576
3576 3577
3577 3578
3578 3579
3579 3580
3580 3581
3581 3582
3582 3583
3583 3584
3584 3585
3585 3586
3586 3587
3587 3588
3588 3589
3589 3590
3590 3591
3591 3592
3592 3593
3593 3594
3594 3595
3595 3596
3596 3597
3597 3598
3598 3599
3599 3600
3600 3601
3601 3602
3602 3603
3603 3604
3604 3605
3605 3606
3606 3607
3607 3608
3608 3609
3609 3610
3610 3611
3611 3612
3612 3613
3613 3614
3614 3615
3615 3616
3616 3617
3617 3618
3618 3619
3619 3620
3620 3621
3621 3622
3622 3623
3623 3624
3624 3625
3625 3626
3626 3627
3627 3628
3628 3629
3629 3630
3630 3631
3631 3632
3632 3633
3633 3634
3634 3635
3635 3636
3636 3637
3637 3638
3638 3639
3639 3640
3640 3641
3641 3642
3642 3643
3643 3644
3644 3645
3645 3646
3646 3647
3647 3648
3648 3649
3649 3650
3650 3651
3651 3652
3652 3653
3653 3654
3654 3655
3655 3656
3656 3657
3657 3658
3658 3659
3659 3660
3660 3661
3661 3662
3662 3663
3663 3664
3664 3665
3665 3666
3666 3667
3667 3668
3668 3669
3669 3670
3670 3671
3671 3672
3672 3673
3673 3674
3674 3675
3675 3676
3676 3677
3677 3678
3678 3679
3679 3680
3680 3681
3681 3682
3682 3683
3683 3684
3684 3685
3685 3686
3686 3687
3687 3688
3688 3689
3689 3690
3690 3691
3691 3692
3692 3693
3693 3694
3694 3695
3695 3696
3696 3697
3697 3698
3698 3699
3699 3700
3700 3701
3701 3702
3702 3703
3703 3704
3704 3705
3705 3706
3706 3707
3707 3708
3708 3709
3709 3710
3710 3711
3711 3712
3712 3713
3713 3714
3714 3715
3715 3716
3716 3717
3717 3718
3718 3719
3719 3720
3720 3721
3721 3722
3722 3723
3723 3724
3724 3725
3725 3726
3726 3727
3727 3728
3728 3729
3729 3730
3730 3731
3731 3732
3732 3733
3733 3734
3734 3735
3735 3736
3736 3737
3737 3738
3738 3739
3739 3740
3740 3741
3741 3742
3742 3743
3743 3744
3744 3745
3745 3746
3746 3747
3747 3748
3748 3749
3749 3750
3750 3751
3751 3752
3752 3753
3753 3754
3754 3755
3755 3756
3756 3757
3757 3758
3758 3759
3759 3760
3760 3761
3761 3762
3762 3763
3763 3764
3764 3765
3765 3766
3766 3767
3767 3768
3768 3769
3769 3770
3770 3771
3771 3772
3772 3773
3773 3774
3774 3775
3775 3776
3776 3777
3777 3778
3778 3779
3779 3780
3780 3781
3781 3782
3782 3783
3783 3784
3784 3785
3785 3786
3786 3787
3787 3788
3788 3789
3789 3790
3790 3791
3791 3792
3792 3793
3793 3794
3794 3795
3795 3796
3796 3797
3797 3798
3798 3799
3799 3800
3800 3801
3801 3802
3802 3803
3803 3804
3804 3805
3805 3806
3806 3807
3807 3808
3808 3809
3809 3810
3810 3811
3811 3812
3812 3813
3813 3814
3814 3815
3815 3816
3816 3817
3817 3818
3818 3819
3819 3820
3820 3821
3821 3822
3822 3823
3823 3824
3824 3825
3825 3826
3826 3827
3827 3828
3828 3829
3829 3830
3830 3831
3831 3832
3832 3833
3833 3834
3834 3835
3835 3836
3836 3837
3837 3838
3838 3839
3839 3840
3840 3841
3841 3842
3842 3843
3843 3844
3844 3845
3845 3846
3846 3847
3847 3848
3848 3849
3849 3850
3850 3851
3851 3852
3852 3853
3853 3854
3854 3855
3855 3856
3856 3857
3857 3858
3858 3859
3859 3860
3860 3861
3861 3862
3862 3863
3863 3864
3864 3865
3865 3866
3866 3867
3867 3868
3868 3869
3869 3870
3870 3871
3871 3872
3872 3873
3873 3874
3874 3875
3875 3876
3876 3877
3877 3878
3878 3879
3879 3880
3880 3881
3881 3882
3882 3883
3883 3884
3884 3885
3885 3886
3886 3887
3887 3888
3888 3889
3889 3890
3890 3891
3891 3892
3892 3893
3893 3894
3894 3895
3895 3896
3896 3897
3897 3898
3898 3899
3899 3900
3900 3901
3901 3902
3902 3903
3903 3904
3904 3905
3905 3906
3906 3907
3907 3908
3908 3909
3909 3910
3910 3911
3911 3912
3912 3913
3913 3914
3914 3915
3915 3916
3916 3917
3917 3918
3918 3919
3919 3920
3920 3921
3921 3922
3922 3923
3923 3924
3924 3925
3925 3926
3926 3927
3927 3928
3928 3929
3929 3930
3930 3931
3931 3932
3932 3933
3933 3934
3934 3935
3935 3936
3936 3937
3937 3938
3938 3939
3939 3940
3940 3941
3941 3942
3942 3943
3943 3944
3944 3945
3945 3946
3946 3947
3947 3948
3948 3949
3949 3950
3950 3951
3951 3952
3952 3953
3953 3954
3954 3955
3955 3956
3956 3957
3957 3958
3958 3959
3959 3960
3960 3961
3961 3962
3962 3963
3963 3964
3964 3965
3965 3966
3966 3967
3967 3968
3968 3969
3969 3970
3970 3971
3971 3972
3972 3973
3973 3974
3974 3975
3975 3976
3976 3977
3977 3978
3978 3979
3979 3980
3980 3981
3981 3982
3982 3983
3983 3984
3984 3985
3985 3986
3986 3987
3987 3988
3988 3989
3989 3990
3990 3991
3991 3992
3992 3993
3993 3994
3994 3995
3995 3996
3996 3997
3997 3998
3998 3999
1465 4000
1769 4001
750 4002
2024 4003
3784 4004
547 4005
2044 4006
844 4007
3284 4008
684 4009
536 4010
1150 4011
3110 4012
374 4013
664 4014
3404 4015
943 4016
868 4017
1863 4018
2025 4019
3203 4020
1490 4021
995 4022
1965 4023
2908 4024
2295 4025
319 4026
2472 4027
322 4028
2982 4029
1670 4030
1393 4031
3624 4032
3854 4033
3077 4034
1911 4035
1119 4036
222 4037
2465 4038
1161 4039
3261 4040
3269 4041
557 4042
2644 4043
3827 4044
3219 4045
2976 4046
3440 4047
1975 4048
2359 4049
2434 4050
777 4051
2916 4052
3556 4053
3325 4054
2202 4055
755 4056
52 4057
1499 4058
2137 4059
560 4060
2597 4061
2912 4062
281 4063
2080 4064
3271 4065
1863 4066
1396 4067
1398 4068
2497 4069
3882 4070
2548 4071
3081 4072
1039 4073
2109 4074
2177 4075
859 4076
282 4077
2846 4078
522 4079
3619 4080
2003 4081
3936 4082
1926 4083
109 4084
1495 4085
872 4086
2497 4087
3637 4088
3061 4089
935 4090
333 4091
242 4092
28 4093
2621 4094
687 4095
1762 4096
3867 4097
1757 4098
1947 4099
533 4100
3833 4101
3434 4102
112 4103
72 4104
2980 4105
1764 4106
3122 4107
1830 4108
94 4109
2208 4110
2590 4111
2241 4112
3672 4113
2161 4114
617 4115
765 4116
2437 4117
3780 4118
3827 4119
2378 4120
1505 4121
1058 4122
1720 4123
3788 4124
2745 4125
3351 4126
1709 4127
1694 4128
2321 4129
3365 4130
384 4131
2586 4132
3583 4133
1052 4134
2368 4135
2547 4136
1241 4137
3933 4138
3547 4139
3299 4140
289 4141
3340 4142
2226 4143
1966 4144
1627 4145
1634 4146
1018 4147
578 4148
1059 4149
98 4150
3026 4151
1112 4152
3167 4153
1928 4154
1655 4155
3888 4156
336 4157
3106 4158
1408 4159
660 4160
917 4161
1582 4162
1775 4163
2875 4164
1420 4165
3341 4166
3246 4167
3241 4168
22 4169
2654 4170
2427 4171
2746 4172
3061 4173
869 4174
2197 4175
2568 4176
1400 4177
2840 4178
1098 4179
162 4180
3702 4181
1438 4182
2341 4183
1290 4184
664 4185
1891 4186
2848 4187
1267 4188
3483 4189
3460 4190
3258 4191
2762 4192
1993 4193
3256 4194
2660 4195
3316 4196
3906 4197
1254 4198
2089 4199
3547 4200
354 4201
580 4202
655 4203
1806 4204
2929 4205
93 4206
1130 4207
1254 4208
2135 4209
2994 4210
2296 4211
287 4212
1153 4213
2086 4214
657 4215
904 4216
2666 4217
25 4218
1928 4219
794 4220
1763 4221
3108 4222
1041 4223
1418 4224
1495 4225
1524 4226
2157 4227
307 4228
2049 4229
2861 4230
2873 4231
2052 4232
99 4233
1215 4234
1699 4235
3814 4236
1300 4237
1877 4238
3065 4239
2095 4240
1356 4241
1600 4242
3078 4243
3423 4244
2965 4245
678 4246
3044 4247
3258 4248
1003 4249
918 4250
430 4251
272 4252
415 4253
1866 4254
1055 4255
134 4256
199 4257
2253 4258
407 4259
3167 4260
2400 4261
1356 4262
1438 4263
2780 4264
1948 4265
678 4266
503 4267
1036 4268
1576 4269
987 4270
679 4271
3259 4272
3864 4273
2890 4274
1261 4275
2524 4276
1585 4277
189 4278
2438 4279
3422 4280
2780 4281
1116 4282
255 4283
1651 4284
227 4285
671 4286
3129 4287
1404 4288
484 4289
2492 4290
1021 4291
2152 4292
1626 4293
3054 4294
3808 4295
1399 4296
2201 4297
3046 4298
3359 4299
3438 4300
376 4301
3757 4302
836 4303
346 4304
69 4305
3834 4306
582 4307
362 4308
228 4309
1496 4310
404 4311
109 4312
711 4313
3449 4314
985 4315
1363 4316
2426 4317
804 4318
3612 4319
1815 4320
788 4321
2354 4322
2966 4323
2883 4324
3163 4325
3390 4326
649 4327
1337 4328
2760 4329
3575 4330
2484 4331
1140 4332
2762 4333
3194 4334
1484 4335
2927 4336
433 4337
1357 4338
3354 4339
3741 4340
2551 4341
2594 4342
1476 4343
2241 4344
340 4345
2706 4346
899 4347
3990 4348
3133 4349
1447 4350
383 4351
2493 4352
1151 4353
3457 4354
3127 4355
3020 4356
2891 4357
594 4358
810 4359
2563 4360
810 4361
585 4362
2219 4363
411 4364
2241 4365
651 4366
314 4367
458 4368
2577 4369
3446 4370
1692 4371
2068 4372
3879 4373
1050 4374
1272 4375
1610 4376
40 4377
3182 4378
1748 4379
3042 4380
2791 4381
2899 4382
3058 4383
1878 4384
2447 4385
1052 4386
3295 4387
2818 4388
2683 4389
1895 4390
226 4391
3914 4392
3912 4393
1126 4394
2380 4395
2774 4396
3085 4397
2601 4398
545 4399
3587 4400
3401 4401
2045 4402
3180 4403
3 4404
2307 4405
1877 4406
1597 4407
1770 4408
3014 4409
2685 4410
1412 4411
1731 4412
730 4413
1808 4414
1120 4415
3725 4416
2377 4417
2999 4418
2403 4419
3460 4420
3302 4421
3764 4422
244 4423
3214 4424
466 4425
207 4426
3030 4427
357 4428
1238 4429
3861 4430
1140 4431
1178 4432
1412 4433
1831 4434
1208 4435
1579 4436
372 4437
110 4438
115 4439
1142 4440
3627 4441
2203 4442
465 4443
198 4444
725 4445
3163 4446
682 4447
3555 4448
252 4449
1122 4450
3514 4451
1387 4452
284 4453
2125 4454
1178 4455
3602 4456
2917 4457
3123 4458
2808 4459
3760 4460
1856 4461
375 4462
1697 4463
183 4464
3166 4465
215 4466
1406 4467
3759 4468
1826 4469
2227 4470
682 4471
358 4472
1189 4473
1782 4474
2059 4475
1956 4476
544 4477
3408 4478
1273 4479
3753 4480
2655 4481
2418 4482
387 4483
411 4484
825 4485
1241 4486
869 4487
3085 4488
1322 4489
3901 4490
3825 4491
518 4492
3319 4493
2752 4494
897 4495
1645 4496
1608 4497
892 4498
3212 4499
1987 4500
2868 4501
3058 4502
2234 4503
2917 4504
499 4505
1431 4506
1595 4507
1777 4508
725 4509
223 4510
3833 4511
2469 4512
3335 4513
952 4514
580 4515
497 4516
3674 4517
948 4518
1680 4519
1878 4520
3343 4521
527 4522
2771 4523
3085 4524
447 4525
403 4526
387 4527
821 4528
2509 4529
291 4530
3083 4531
3077 4532
915 4533
1772 4534
227 4535
861 4536
3305 4537
2664 4538
2719 4539
1807 4540
3146 4541
292 4542
1163 4543
3167 4544
867 4545
295 4546
677 4547
91 4548
915 4549
531 4550
278 4551
3843 4552
697 4553
493 4554
582 4555
73 4556
1276 4557
628 4558
2448 4559
607 4560
3697 4561
2023 4562
1729 4563
3550 4564
2597 4565
1888 4566
2871 4567
318 4568
3293 4569
2953 4570
3656 4571
2670 4572
1231 4573
313 4574
1026 4575
1853 4576
327 4577
2423 4578
3060 4579
3339 4580
179 4581
2843 4582
295 4583
3828 4584
1928 4585
803 4586
3217 4587
1793 4588
3839 4589
630 4590
2777 4591
2890 4592
604 4593
3982 4594
1655 4595
1631 4596
3769 4597
3148 4598
2892 4599
2405 4600
1422 4601
2057 4602
2104 4603
367 4604
68 4605
3662 4606
1496 4607
3844 4608
3503 4609
376 4610
2363 4611
214 4612
2313 4613
3859 4614
1225 4615
2773 4616
2742 4617
3968 4618
109 4619
262 4620
1836 4621
402 4622
3375 4623
1201 4624
1493 4625
2351 4626
2393 4627
2916 4628
3948 4629
2535 4630
104 4631
2333 4632
1037 4633
467 4634
1559 4635
600 4636
3516 4637
2059 4638
387 4639
3777 4640
1911 4641
3146 4642
2240 4643
1493 4644
3059 4645
677 4646
3972 4647
2155 4648
570 4649
2909 4650
1596 4651
2869 4652
2182 4653
3389 4654
3539 4655
2500 4656
3456 4657
491 4658
2948 4659
3484 4660
647 4661
3706 4662
3725 4663
625 4664
758 4665
2630 4666
3317 4667
2001 4668
3103 4669
3565 4670
2594 4671
825 4672
1446 4673
1241 4674
2596 4675
554 4676
926 4677
2737 4678
2081 4679
768 4680
776 4681
3154 4682
2382 4683
3486 4684
1789 4685
3827 4686
3320 4687
2174 4688
1196 4689
48 4690
901 4691
3565 4692
1370 4693
218 4694
3620 4695
3119 4696
2367 4697
2504 4698
3373 4699
904 4700
2796 4701
3697 4702
2429 4703
3475 4704
1611 4705
3449 4706
1136 4707
477 4708
3640 4709
2153 4710
2501 4711
2720 4712
4 4713
641 4714
2077 4715
136 4716
2010 4717
3403 4718
3285 4719
2592 4720
3016 4721
1076 4722
3630 4723
315 4724
1293 4725
413 4726
3834 4727
1868 4728
2922 4729
334 4730
1848 4731
1794 4732
558 4733
3207 4734
389 4735
1534 4736
1964 4737
191 4738
1363 4739
495 4740
1821 4741
2611 4742
826 4743
3109 4744
503 4745
814 4746
2988 4747
541 4748
641 4749
1820 4750
3086 4751
218 4752
3724 4753
240 4754
439 4755
1368 4756
30 4757
3315 4758
1052 4759
2116 4760
311 4761
3540 4762
784 4763
2858 4764
2792 4765
3851 4766
56 4767
569 4768
3666 4769
2497 4770
2254 4771
3093 4772
856 4773
140 4774
2054 4775
1450 4776
578 4777
2627 4778
443 4779
3802 4780
695 4781
3006 4782
3013 4783
2498 4784
1289 4785
1387 4786
754 4787
960 4788
3965 4789
1066 4790
3041 4791
2544 4792
3581 4793
1835 4794
799 4795
2439 4796
2676 4797
1405 4798
3200 4799
1014 4800
3936 4801
582 4802
1364 4803
586 4804
2575 4805
2992 4806
3827 4807
2692 4808
913 4809
1771 4810
3573 4811
275 4812
2404 4813
908 4814
2316 4815
527 4816
1729 4817
322 4818
1478 4819
582 4820
3152 4821
1377 4822
1312 4823
701 4824
3506 4825
884 4826
3534 4827
3800 4828
3496 4829
1537 4830
229 4831
2291 4832
1599 4833
616 4834
3717 4835
1311 4836
2804 4837
3889 4838
1195 4839
208 4840
3026 4841
2664 4842
2532 4843
3689 4844
3220 4845
919 4846
2558 4847
384 4848
672 4849
3909 4850
537 4851
1874 4852
860 4853
2631 4854
2455 4855
3450 4856
3569 4857
638 4858
434 4859
691 4860
3313 4861
3814 4862
3735 4863
1915 4864
1082 4865
608 4866
3363 4867
988 4868
1034 4869
553 4870
1067 4871
800 4872
487 4873
3238 4874
501 4875
705 4876
1810 4877
5 4878
1039 4879
3015 4880
3350 4881
2972 4882
1655 4883
1854 4884
2353 4885
2783 4886
3253 4887
1419 4888
980 4889
232 4890
861 4891
2230 4892
630 4893
3375 4894
625 4895
3489 4896
2871 4897
971 4898
929 4899
260 4900
1973 4901
1496 4902
2096 4903
2917 4904
473 4905
2157 4906
1680 4907
1232 4908
510 4909
251 4910
2919 4911
356 4912
1500 4913
1843 4914
31 4915
1568 4916
561 4917
1683 4918
347 4919
1773 4920
106 4921
1082 4922
2304 4923
3243 4924
3939 4925
1254 4926
1540 4927
54 4928
1832 4929
404 4930
511 4931
1474 4932
327 4933
355 4934
466 4935
1549 4936
2989 4937
3593 4938
1745 4939
1009 4940
423 4941
1640 4942
1222 4943
2430 4944
2790 4945
36 4946
1439 4947
665 4948
2408 4949
305 4950
1342 4951
3321 4952
1369 4953
2893 4954
2506 4955
260 4956
2183 4957
3605 4958
985 4959
2620 4960
3334 4961
2338 4962
9 4963
3130 4964
1686 4965
1437 4966
2546 4967
221 4968
876 4969
3676 4970
3724 4971
3803 4972
2322 4973
3724 4974
3156 4975
581 4976
1393 4977
1674 4978
3902 4979
1271 4980
2487 4981
3187 4982
153 4983
3084 4984
2799 4985
2998 4986
228 4987
405 4988
3186 4989
154 4990
2097 4991
2082 4992
3128 4993
3714 4994
2345 4995
2206 4996
3192 4997
3069 4998
1675 4999
2998 5000
1351 5001
47 5002
1342 5003
3204 5004
197 5005
3952 5006
1344 5007
1910 5008
2639 5009
3740 5010
2467 5011
1663 5012
1381 5013
1548 5014
1656 5015
950 5016
1701 5017
2567 5018
931 5019
2837 5020
3878 5021
75 5022
1432 5023
2529 5024
123 5025
2208 5026
3466 5027
2278 5028
1653 5029
3804 5030
2271 5031
41 5032
2135 5033
3852 5034
449 5035
60 5036
2029 5037
896 5038
267 5039
390 5040
3135 5041
3051 5042
1981 5043
1046 5044
1671 5045
2943 5046
3366 5047
3793 5048
2540 5049
1950 5050
2978 5051
2091 5052
2523 5053
110 5054
952 5055
3039 5056
1402 5057
2674 5058
2791 5059
2956 5060
3090 5061
984 5062
1392 5063
2043 5064
111 5065
2200 5066
42 5067
142 5068
3471 5069
1471 5070
2597 5071
979 5072
2649 5073
380 5074
2763 5075
328 5076
825 5077
58 5078
2660 5079
2133 5080
2613 5081
562 5082
2654 5083
1628 5084
932 5085
572 5086
2481 5087
4 5088
312 5089
1806 5090
2317 5091
1671 5092
1973 5093
1852 5094
2281 5095
242 5096
987 5097
481 5098
2468 5099
1376 5100
1391 5101
2488 5102
2864 5103
2726 5104
2674 5105
1234 5106
3708 5107
568 5108
3084 5109
1916 5110
3873 5111
1474 5112
1715 5113
218 5114
3596 5115
2611 5116
3805 5117
1999 5118
2810 5119
2353 5120
3147 5121
253 5122
1837 5123
3885 5124
3537 5125
2771 5126
821 5127
3963 5128
1752 5129
3266 5130
3878 5131
2613 5132
3426 5133
1109 5134
1011 5135
1997 5136
636 5137
1407 5138
3184 5139
530 5140
354 5141
3441 5142
3208 5143
1414 5144
356 5145
2574 5146
138 5147
1581 5148
2616 5149
3721 5150
1036 5151
335 5152
3363 5153
2623 5154
3845 5155
1663 5156
3133 5157
449 5158
1528 5159
1524 5160
1777 5161
2966 5162
2340 5163
409 5164
3330 5165
3611 5166
2393 5167
2920 5168
1241 5169
649 5170
2136 5171
3903 5172
1759 5173
680 5174
1497 5175
1312 5176
767 5177
3690 5178
410 5179
3107 5180
502 5181
2193 5182
3218 5183
2287 5184
2468 5185
3808 5186
1409 5187
1544 5188
2884 5189
715 5190
2331 5191
880 5192
1263 5193
1620 5194
52 5195
1021 5196
1626 5197
620 5198
1778 5199
491 5200
3575 5201
3442 5202
980 5203
3304 5204
2418 5205
1246 5206
214 5207
2619 5208
343 5209
2690 5210
3123 5211
1584 5212
2594 5213
2985 5214
57 5215
3534 5216
353 5217
2659 5218
620 5219
2221 5220
2905 5221
3296 5222
2573 5223
977 5224
1242 5225
1104 5226
2682 5227
1308 5228
55 5229
2209 5230
242 5231
691 5232
2783 5233
556 5234
2707 5235
3502 5236
1892 5237
3424 5238
569 5239
3327 5240
529 5241
1874 5242
907 5243
1884 5244
2468 5245
1570 5246
2883 5247
2270 5248
3410 5249
1087 5250
3819 5251
91 5252
2978 5253
3489 5254
679 5255
2850 5256
3573 5257
1699 5258
925 5259
606 5260
24 5261
471 5262
3376 5263
3595 5264
2835 5265
1939 5266
1784 5267
2968 5268
184 5269
1075 5270
1306 5271
3517 5272
377 5273
1832 5274
3295 5275
2585 5276
2916 5277
1763 5278
446 5279
448 5280
1191 5281
3407 5282
1597 5283
3700 5284
3327 5285
3262 5286
2815 5287
3299 5288
503 5289
300 5290
3274 5291
3955 5292
1712 5293
1393 5294
634 5295
1817 5296
2086 5297
604 5298
2474 5299
2654 5300
2514 5301
2726 5302
911 5303
1482 5304
2219 5305
3883 5306
967 5307
1638 5308
3949 5309
3724 5310
2902 5311
2116 5312
3300 5313
3445 5314
669 5315
2524 5316
2171 5317
156 5318
2232 5319
1991 5320
2775 5321
2655 5322
1696 5323
3771 5324
962 5325
861 5326
551 5327
2060 5328
1391 5329
3965 5330
2844 5331
1333 5332
876 5333
477 5334
952 5335
711 5336
2768 5337
1307 5338
727 5339
3474 5340
2022 5341
2291 5342
3494 5343
2309 5344
952 5345
2089 5346
896 5347
1293 5348
2946 5349
827 5350
817 5351
2356 5352
297 5353
1573 5354
2733 5355
3724 5356
2836 5357
3883 5358
2627 5359
2017 5360
767 5361
3278 5362
3654 5363
1810 5364
598 5365
324 5366
409 5367
1349 5368
1120 5369
3220 5370
78 5371
675 5372
2027 5373
3088 5374
2430 5375
3702 5376
1409 5377
3406 5378
2270 5379
1782 5380
756 5381
2610 5382
197 5383
363 5384
3023 5385
149 5386
400 5387
1308 5388
1617 5389
2259 5390
3001 5391
3021 5392
1058 5393
1752 5394
244 5395
2266 5396
109 5397
3832 5398
3675 5399
3190 5400
2871 5401
367 5402
2324 5403
1974 5404
409 5405
2418 5406
552 5407
3962 5408
2322 5409
199 5410
3474 5411
3352 5412
1473 5413
856 5414
3529 5415
2071 5416
970 5417
3881 5418
64 5419
2048 5420
801 5421
3238 5422
3222 5423
621 5424
3164 5425
1780 5426
2526 5427
1810 5428
3951 5429
3242 5430
557 5431
2562 5432
3226 5433
1778 5434
567 5435
138 5436
3720 5437
1703 5438
2562 5439
2069 5440
1392 5441
3552 5442
1774 5443
2411 5444
2638 5445
3138 5446
1715 5447
2082 5448
83 5449
1333 5450
1788 5451
2068 5452
331 5453
1640 5454
1475 5455
1229 5456
1590 5457
1590 5458
1559 5459
1252 5460
2661 5461
3136 5462
1495 5463
336 5464
3771 5465
1992 5466
3383 5467
975 5468
515 5469
2710 5470
3355 5471
3867 5472
1153 5473
512 5474
1901 5475
1846 5476
3783 5477
605 5478
739 5479
310 5480
810 5481
244 5482
212 5483
748 5484
1364 5485
2955 5486
3804 5487
3797 5488
3671 5489
2593 5490
530 5491
1554 5492
3217 5493
445 5494
1568 5495
2694 5496
1371 5497
1059 5498
1923 5499
2331 5500
1334 5501
2775 5502
3233 5503
1418 5504
967 5505
3628 5506
3942 5507
3022 5508
110 5509
3966 5510
1546 5511
1208 5512
433 5513
2642 5514
670 5515
842 5516
2280 5517
3471 5518
2446 5519
595 5520
799 5521
486 5522
2096 5523
2159 5524
3370 5525
2771 5526
489 5527
1138 5528
3272 5529
2207 5530
2812 5531
1425 5532
391 5533
3462 5534
1584 5535
2421 5536
2578 5537
2190 5538
2682 5539
1905 5540
36 5541
2612 5542
3395 5543
2546 5544
2612 5545
3290 5546
629 5547
2809 5548
2674 5549
1369 5550
3046 5551
3651 5552
297 5553
2143 5554
2718 5555
1883 5556
2981 5557
1286 5558
160 5559
3706 5560
775 5561
2178 5562
26 5563
1176 5564
1889 5565
1125 5566
761 5567
791 5568
3788 5569
2992 5570
3479 5571
164 5572
3524 5573
3826 5574
505 5575
1858 5576
3840 5577
2455 5578
246 5579
36 5580
2584 5581
729 5582
3110 5583
3091 5584
3216 5585
729 5586
3878 5587
1246 5588
2238 5589
282 5590
2345 5591
2977 5592
2010 5593
771 5594
683 5595
1435 5596
2476 5597
1240 5598
2200 5599
1306 5600
3226 5601
1564 5602
2388 5603
1945 5604
3880 5605
911 5606
510 5607
319 5608
663 5609
3590 5610
2260 5611
2055 5612
2489 5613
424 5614
1558 5615
2351 5616
213 5617
2915 5618
3309 5619
2472 5620
3438 5621
1175 5622
2217 5623
1620 5624
717 5625
192 5626
1587 5627
3753 5628
2465 5629
2405 5630
3078 5631
2062 5632
352 5633
2166 5634
370 5635
2772 5636
1952 5637
3391 5638
2901 5639
2092 5640
10 5641
1208 5642
103 5643
886 5644
1642 5645
329 5646
3496 5647
1408 5648
1103 5649
3329 5650
543 5651
3159 5652
2878 5653
3275 5654
1142 5655
2844 5656
237 5657
156 5658
680 5659
284 5660
2492 5661
1115 5662
2880 5663
919 5664
231 5665
1796 5666
2750 5667
3872 5668
2253 5669
366 5670
3808 5671
656 5672
3311 5673
2552 5674
2558 5675
694 5676
2182 5677
6 5678
1116 5679
3 5680
2978 5681
1333 5682
3357 5683
3385 5684
3621 5685
2242 5686
340 5687
1621 5688
3193 5689
2663 5690
2484 5691
2431 5692
1307 5693
1435 5694
3281 5695
1048 5696
760 5697
3732 5698
3763 5699
2622 5700
3295 5701
500 5702
1551 5703
2027 5704
708 5705
2051 5706
3437 5707
1798 5708
1021 5709
798 5710
20 5711
742 5712
3764 5713
2575 5714
1335 5715
3380 5716
2070 5717
1299 5718
121 5719
566 5720
3366 5721
1672 5722
546 5723
2530 5724
430 5725
2101 5726
3364 5727
2940 5728
1442 5729
2438 5730
1113 5731
2102 5732
3253 5733
3905 5734
2303 5735
3091 5736
3290 5737
1193 5738
3245 5739
3770 5740
289 5741
2061 5742
1 5743
2772 5744
2990 5745
660 5746
303 5747
299 5748
2949 5749
3121 5750
2083 5751
1282 5752
1037 5753
648 5754
1434 5755
1066 5756
271 5757
645 5758
1302 5759
401 5760
1059 5761
3436 5762
752 5763
3096 5764
2297 5765
3046 5766
3210 5767
3721 5768
2861 5769
1423 5770
1063 5771
787 5772
227 5773
1052 5774
711 5775
1005 5776
239 5777
2699 5778
3114 5779
1779 5780
2650 5781
1956 5782
1359 5783
3462 5784
3647 5785
3015 5786
741 5787
3451 5788
787 5789
2822 5790
3002 5791
3771 5792
1548 5793
3430 5794
1657 5795
1765 5796
1815 5797
1950 5798
3719 5799
1104 5800
1724 5801
1696 5802
996 5803
1496 5804
1402 5805
147 5806
3989 5807
1216 5808
2254 5809
3765 5810
2422 5811
2053 5812
2782 5813
1944 5814
46 5815
1788 5816
2692 5817
2484 5818
2311 5819
26 5820
825 5821
3630 5822
2236 5823
3935 5824
3351 5825
636 5826
2157 5827
3969 5828
3637 5829
3318 5830
2248 5831
2518 5832
3789 5833
1699 5834
953 5835
256 5836
47 5837
3618 5838
2762 5839
1722 5840
3056 5841
2767 5842
3904 5843
2613 5844
1397 5845
2795 5846
3323 5847
2584 5848
2496 5849
1497 5850
3785 5851
384 5852
2003 5853
1515 5854
3858 5855
1091 5856
2846 5857
3549 5858
3278 5859
2053 5860
2813 5861
2200 5862
1069 5863
3780 5864
2572 5865
1854 5866
1534 5867
1243 5868
836 5869
2536 5870
917 5871
3826 5872
720 5873
3464 5874
3933 5875
1100 5876
1764 5877
2119 5878
3336 5879
3160 5880
991 5881
3229 5882
3831 5883
3168 5884
827 5885
45 5886
465 5887
1528 5888
2908 5889
3852 5890
3845 5891
2955 5892
2833 5893
1988 5894
645 5895
1250 5896
421 5897
3315 5898
1918 5899
1444 5900
2436 5901
2638 5902
1427 5903
1254 5904
1254 5905
2234 5906
3788 5907
2530 5908
1148 5909
3421 5910
91 5911
3698 5912
938 5913
2813 5914
2139 5915
3052 5916
1352 5917
1581 5918
1285 5919
3298 5920
800 5921
3510 5922
2933 5923
3320 5924
1184 5925
749 5926
2076 5927
599 5928
3733 5929
2299 5930
2309 5931
445 5932
3184 5933
2011 5934
3005 5935
1161 5936
1170 5937
2630 5938
2667 5939
3950 5940
479 5941
1001 5942
2226 5943
3361 5944
1153 5945
3220 5946
2647 5947
2860 5948
2520 5949
3931 5950
2635 5951
1770 5952
1833 5953
3669 5954
1415 5955
2272 5956
3790 5957
118 5958
1546 5959
37 5960
1296 5961
650 5962
3933 5963
3532 5964
184 5965
638 5966
1898 5967
2350 5968
2585 5969
1719 5970
1567 5971
1010 5972
1906 5973
605 5974
1350 5975
185 5976
2834 5977
1050 5978
2321 5979
2345 5980
1272 5981
1255 5982
3018 5983
851 5984
1707 5985
1313 5986
1190 5987
2310 5988
1024 5989
2850 5990
2977 5991
645 5992
1167 5993
825 5994
3491 5995
147 5996
2983 5997
2845 5998
2091 5999
162 6000
1224 6001
1299 6002
2511 6003
3834 6004
1571 6005
2775 6006
3375 6007
3187 6008
3234 6009
3962 6010
3922 6011
2185 6012
2985 6013
3274 6014
3127 6015
2538 6016
3395 6017
608 6018
404 6019
3635 6020
2025 6021
1602 6022
2931 6023
936 6024
3344 6025
3689 6026
1035 6027
2983 6028
795 6029
1309 6030
206 6031
923 6032
1641 6033
3901 6034
1322 6035
2700 6036
3283 6037
3504 6038
1956 6039
258 6040
1212 6041
1129 6042
3239 6043
3986 6044
3037 6045
2387 6046
2737 6047
594 6048
255 6049
2450 6050
3781 6051
2601 6052
2822 6053
1373 6054
275 6055
3844 6056
773 6057
3614 6058
863 6059
112 6060
1604 6061
2597 6062
3948 6063
3381 6064
443 6065
2344 6066
1295 6067
814 6068
1624 6069
798 6070
1054 6071
3823 6072
457 6073
124 6074
1085 6075
3060 6076
468 6077
3337 6078
3037 6079
2870 6080
2474 6081
1249 6082
2739 6083
1265 6084
2218 6085
3504 6086
2393 6087
67 6088
2332 6089
483 6090
2748 6091
3752 6092
1836 6093
1627 6094
3989 6095
497 6096
1397 6097
624 6098
1077 6099
2307 6100
2060 6101
113 6102
374 6103
2074 6104
1486 6105
359 6106
1743 6107
2866 6108
1088 6109
766 6110
3404 6111
1761 6112
295 6113
921 6114
3274 6115
162 6116
1901 6117
18 6118
2978 6119
62 6120
1733 6121
3684 6122
263 6123
1383 6124
1583 6125
3987 6126
3636 6127
2541 6128
1997 6129
1801 6130
1236 6131
1790 6132
834 6133
2477 6134
1923 6135
2067 6136
1651 6137
429 6138
74 6139
3016 6140
1599 6141
106 6142
3074 6143
2972 6144
1564 6145
1339 6146
1183 6147
874 6148
3110 6149
2498 6150
2688 6151
1934 6152
740 6153
1794 6154
2332 6155
3079 6156
3707 6157
1285 6158
2055 6159
2656 6160
445 6161
3340 6162
1692 6163
1251 6164
1074 6165
2813 6166
2680 6167
2624 6168
682 6169
1213 6170
3185 6171
3154 6172
697 6173
1464 6174
2697 6175
3975 6176
3736 6177
665 6178
2955 6179
2569 6180
1972 6181
3653 6182
2040 6183
2772 6184
2723 6185
2443 6186
3025 6187
1396 6188
291 6189
1350 6190
1378 6191
195 6192
671 6193
2544 6194
2612 6195
380 6196
2233 6197
392 6198
254 6199
3104 6200
38 6201
2771 6202
765 6203
748 6204
2295 6205
2068 6206
3557 6207
332 6208
3544 6209
1013 6210
885 6211
2236 6212
607 6213
2090 6214
2186 6215
984 6216
3108 6217
1224 6218
3762 6219
2592 6220
1527 6221
2808 6222
3596 6223
2927 6224
1761 6225
3894 6226
1190 6227
3791 6228
1101 6229
377 6230
3341 6231
1735 6232
1885 6233
225 6234
417 6235
518 6236
3526 6237
269 6238
3577 6239
918 6240
1655 6241
1234 6242
1840 6243
3343 6244
2356 6245
759 6246
3245 6247
290 6248
2926 6249
2460 6250
2213 6251
3524 6252
2710 6253
1407 6254
2561 6255
61 6256
2859 6257
1386 6258
3640 6259
257 6260
2016 6261
280 6262
1154 6263
508 6264
3672 6265
654 6266
1875 6267
2562 6268
1965 6269
1984 6270
3642 6271
3150 6272
3685 6273
3239 6274
161 6275
735 6276
3777 6277
508 6278
3642 6279
1725 6280
815 6281
3209 6282
1848 6283
1082 6284
1248 6285
340 6286
3089 6287
446 6288
3936 6289
966 6290
429 6291
246 6292
981 6293
1959 6294
1211 6295
1951 6296
3675 6297
3868 6298
345 6299
681 6300
3627 6301
3030 6302
3723 6303
1762 6304
738 6305
3344 6306
3211 6307
511 6308
319 6309
977 6310
769 6311
2089 6312
243 6313
3590 6314
3161 6315
1976 6316
3765 6317
3266 6318
2632 6319
1470 6320
2571 6321
423 6322
598 6323
711 6324
3992 6325
1944 6326
446 6327
1910 6328
1777 6329
3191 6330
3279 6331
1601 6332
1301 6333
1121 6334
426 6335
2470 6336
866 6337
3376 6338
3382 6339
921 6340
2974 6341
483 6342
650 6343
1049 6344
3953 6345
2902 6346
1342 6347
3399 6348
3660 6349
3627 6350
2503 6351
3512 6352
1948 6353
3948 6354
659 6355
424 6356
715 6357
3556 6358
1203 6359
3098 6360
2690 6361
677 6362
1487 6363
978 6364
3439 6365
761 6366
2097 6367
3413 6368
3282 6369
221 6370
2863 6371
368 6372
2405 6373
3235 6374
1949 6375
1259 6376
2629 6377
1179 6378
3709 6379
1022 6380
1217 6381
1652 6382
1426 6383
1814 6384
530 6385
469 6386
2925 6387
2193 6388
3581 6389
1570 6390
3238 6391
2438 6392
3182 6393
664 6394
470 6395
171 6396
3712 6397
1908 6398
2616 6399
942 6400
804 6401
1946 6402
91 6403
2955 6404
2490 6405
241 6406
3965 6407
240 6408
1453 6409
739 6410
279 6411
1113 6412
2716 6413
1142 6414
1091 6415
936 6416
3161 6417
1969 6418
2736 6419
3420 6420
694 6421
1550 6422
2946 6423
2944 6424
3179 6425
1123 6426
306 6427
688 6428
235 6429
86 6430
3601 6431
2271 6432
1528 6433
2130 6434
3303 6435
940 6436
328 6437
401 6438
186 6439
2499 6440
3987 6441
3857 6442
3638 6443
423 6444
435 6445
1345 6446
718 6447
1975 6448
1966 6449
396 6450
454 6451
768 6452
1368 6453
512 6454
579 6455
947 6456
1109 6457
1411 6458
547 6459
966 6460
1115 6461
3940 6462
1757 6463
1605 6464
3155 6465
2307 6466
211 6467
1833 6468
2231 6469
3290 6470
3956 6471
191 6472
1078 6473
3096 6474
2631 6475
3850 6476
1536 6477
1856 6478
3269 6479
1794 6480
1002 6481
424 6482
687 6483
1493 6484
142 6485
1486 6486
131 6487
2092 6488
1781 6489
3292 6490
3319 6491
1146 6492
2902 6493
3239 6494
750 6495
792 6496
997 6497
2296 6498
324 6499
3746 6500
2959 6501
1728 6502
2039 6503
3675 6504
3500 6505
1420 6506
3118 6507
2000 6508
3178 6509
2617 6510
344 6511
120 6512
2828 6513
241 6514
2623 6515
111 6516
771 6517
2179 6518
3127 6519
564 6520
2836 6521
488 6522
3000 6523
1518 6524
141 6525
873 6526
3332 6527
3888 6528
2414 6529
3428 6530
3729 6531
3269 6532
2489 6533
2306 6534
1829 6535
2184 6536
534 6537
2410 6538
3212 6539
851 6540
518 6541
1464 6542
2621 6543
3669 6544
3611 6545
1989 6546
145 6547
3287 6548
3450 6549
2195 6550
2834 6551
2309 6552
3521 6553
3331 6554
2212 6555
77 6556
3042 6557
849 6558
1668 6559
1821 6560
1152 6561
1436 6562
1210 6563
367 6564
1237 6565
85 6566
1687 6567
711 6568
3841 6569
3273 6570
377 6571
2412 6572
3596 6573
3804 6574
3749 6575
2803 6576
1124 6577
2876 6578
2487 6579
1839 6580
822 6581
704 6582
378 6583
921 6584
3138 6585
3009 6586
2156 6587
3743 6588
3035 6589
3524 6590
2110 6591
2831 6592
2235 6593
668 6594
572 6595
2260 6596
2393 6597
1572 6598
1503 6599
3114 6600
363 6601
1057 6602
1996 6603
3293 6604
1228 6605
1717 6606
2010 6607
2866 6608
1193 6609
3286 6610
1581 6611
286 6612
1069 6613
1998 6614
1522 6615
200 6616
1816 6617
3323 6618
281 6619
369 6620
1543 6621
3150 6622
2871 6623
1370 6624
293 6625
3875 6626
1753 6627
2768 6628
35 6629
3174 6630
1689 6631
3469 6632
196 6633
3210 6634
2806 6635
1808 6636
3446 6637
2851 6638
3546 6639
2520 6640
26 6641
340 6642
711 6643
76 6644
3269 6645
271 6646
2991 6647
3592 6648
1293 6649
2480 6650
3057 6651
1952 6652
3653 6653
3100 6654
2799 6655
309 6656
337 6657
2547 6658
1054 6659
2966 6660
1460 6661
3313 6662
960 6663
3488 6664
1493 6665
249 6666
1017 6667
418 6668
3173 6669
1529 6670
1465 6671
1742 6672
1111 6673
2217 6674
2632 6675
359 6676
2939 6677
503 6678
3047 6679
754 6680
914 6681
969 6682
431 6683
2971 6684
3676 6685
1543 6686
3708 6687
2282 6688
1881 6689
3228 6690
3685 6691
3305 6692
1512 6693
3086 6694
221 6695
652 6696
3237 6697
2639 6698
2188 6699
845 6700
102 6701
2867 6702
734 6703
1049 6704
1540 6705
281 6706
3900 6707
437 6708
1593 6709
3905 6710
1239 6711
986 6712
3299 6713
14 6714
3252 6715
2835 6716
2689 6717
869 6718
2495 6719
913 6720
3598 6721
3649 6722
1550 6723
1162 6724
372 6725
2264 6726
1015 6727
1752 6728
466 6729
2362 6730
1026 6731
3404 6732
3142 6733
3429 6734
2956 6735
3047 6736
791 6737
178 6738
544 6739
540 6740
2736 6741
2479 6742
1876 6743
1351 6744
1453 6745
1574 6746
2736 6747
3548 6748
661 6749
2265 6750
2246 6751
3017 6752
216 6753
599 6754
352 6755
1169 6756
2542 6757
1854 6758
3845 6759
1346 6760
150 6761
3353 6762
1140 6763
2120 6764
97 6765
2574 6766
3147 6767
2108 6768
1616 6769
2735 6770
721 6771
1822 6772
1542 6773
2123 6774
1005 6775
3452 6776
435 6777
1115 6778
3007 6779
3148 6780
2775 6781
37 6782
1130 6783
3296 6784
3290 6785
496 6786
2820 6787
2558 6788
2643 6789
3095 6790
1976 6791
1635 6792
2211 6793
3834 6794
835 6795
716 6796
2313 6797
1557 6798
1735 6799
2693 6800
1151 6801
3069 6802
953 6803
3146 6804
1625 6805
1084 6806
3309 6807
2983 6808
461 6809
3613 6810
2105 6811
3048 6812
215 6813
3164 6814
1058 6815
2420 6816
1984 6817
2372 6818
709 6819
1490 6820
2838 6821
3568 6822
1961 6823
3029 6824
57 6825
1984 6826
218 6827
3067 6828
804 6829
3530 6830
3785 6831
1029 6832
3035 6833
1801 6834
3448 6835
297 6836
2147 6837
2726 6838
1335 6839
3400 6840
3472 6841
451 6842
1424 6843
1587 6844
1378 6845
197 6846
3024 6847
2497 6848
2291 6849
444 6850
3569 6851
602 6852
182 6853
3646 6854
1439 6855
809 6856
45 6857
2265 6858
3641 6859
3531 6860
3801 6861
3216 6862
2220 6863
3430 6864
2841 6865
3510 6866
1107 6867
1989 6868
3607 6869
3536 6870
1814 6871
2253 6872
2573 6873
3621 6874
1831 6875
3584 6876
2331 6877
30 6878
1435 6879
502 6880
3036 6881
1655 6882
2875 6883
3460 6884
1722 6885
3930 6886
1907 6887
2789 6888
3692 6889
1101 6890
1262 6891
3061 6892
3980 6893
1233 6894
1707 6895
3978 6896
196 6897
2289 6898
3077 6899
1088 6900
2828 6901
1900 6902
115 6903
1628 6904
3693 6905
2749 6906
1993 6907
457 6908
1132 6909
2229 6910
109 6911
1169 6912
3095 6913
2463 6914
3782 6915
1782 6916
504 6917
3813 6918
605 6919
554 6920
1345 6921
420 6922
257 6923
1092 6924
787 6925
2545 6926
440 6927
3619 6928
2003 6929
183 6930
1863 6931
162 6932
3521 6933
2994 6934
1019 6935
928 6936
1595 6937
3294 6938
824 6939
2879 6940
283 6941
1933 6942
3501 6943
106 6944
507 6945
58 6946
3809 6947
211 6948
458 6949
586 6950
1856 6951
551 6952
957 6953
2109 6954
830 6955
2758 6956
3776 6957
1239 6958
1911 6959
2287 6960
3103 6961
3074 6962
662 6963
3483 6964
3394 6965
223 6966
391 6967
3318 6968
3093 6969
1125 6970
3815 6971
1677 6972
2728 6973
952 6974
1481 6975
3127 6976
1359 6977
1913 6978
1386 6979
1094 6980
3512 6981
3882 6982
3396 6983
990 6984
981 6985
3120 6986
3432 6987
575 6988
2833 6989
2073 6990
1588 6991
2783 6992
1614 6993
1702 6994
471 6995
2699 6996
1370 6997
1004 6998
1837 6999
2834 7000
612 7001
3942 7002
3154 7003
600 7004
2958 7005
665 7006
3773 7007
3691 7008
3022 7009
3460 7010
856 7011
2931 7012
815 7013
1236 7014
373 7015
2176 7016
3032 7017
2806 7018
1539 7019
756 7020
1951 7021
3823 7022
234 7023
3673 7024
483 7025
193 7026
865 7027
3160 7028
816 7029
2656 7030
3271 7031
2047 7032
953 7033
2633 7034
1605 7035
3552 7036
800 7037
348 7038
2296 7039
2246 7040
2799 7041
3313 7042
1918 7043
1924 7044
727 7045
526 7046
3793 7047
952 7048
1554 7049
3581 7050
2425 7051
3221 7052
3894 7053
3938 7054
1693 7055
837 7056
3488 7057
3525 7058
3340 7059
695 7060
1542 7061
396 7062
2347 7063
2517 7064
2200 7065
38 7066
3730 7067
918 7068
406 7069
2848 7070
2377 7071
2880 7072
494 7073
1476 7074
2968 7075
3977 7076
56 7077
2749 7078
2854 7079
1144 7080
3819 7081
3819 7082
2392 7083
3264 7084
3873 7085
1766 7086
1672 7087
2693 7088
790 7089
517 7090
743 7091
957 7092
1350 7093
1780 7094
3802 7095
2222 7096
3266 7097
3613 7098
16 7099
3227 7100
816 7101
908 7102
428 7103
3119 7104
2295 7105
2025 7106
2530 7107
1597 7108
827 7109
2027 7110
3388 7111
3779 7112
1932 7113
3402 7114
2764 7115
2658 7116
2313 7117
223 7118
396 7119
3751 7120
3378 7121
3942 7122
2167 7123
2407 7124
3263 7125
3490 7126
2566 7127
578 7128
2224 7129
891 7130
1849 7131
2720 7132
3064 7133
1944 7134
3048 7135
131 7136
3220 7137
2430 7138
270 7139
3317 7140
1506 7141
1603 7142
3863 7143
2541 7144
52 7145
3721 7146
338 7147
105 7148
3305 7149
2566 7150
2839 7151
2287 7152
748 7153
85 7154
2510 7155
551 7156
2744 7157
2555 7158
646 7159
642 7160
2868 7161
1569 7162
1762 7163
3783 7164
631 7165
3390 7166
2253 7167
3621 7168
3117 7169
1015 7170
3983 7171
3497 7172
2553 7173
1839 7174
938 7175
2757 7176
1494 7177
1348 7178
1707 7179
2454 7180
3265 7181
3510 7182
1725 7183
2665 7184
3099 7185
3960 7186
139 7187
3704 7188
2924 7189
1896 7190
3019 7191
2009 7192
933 7193
199 7194
416 7195
510 7196
210 7197
1353 7198
2691 7199
3063 7200
2664 7201
1489 7202
939 7203
529 7204
874 7205
2666 7206
2352 7207
2292 7208
854 7209
3140 7210
49 7211
1486 7212
3169 7213
1334 7214
3182 7215
1788 7216
3140 7217
3320 7218
2446 7219
2005 7220
2479 7221
784 7222
3295 7223
42 7224
202 7225
2392 7226
1945 7227
2364 7228
2491 7229
1062 7230
1647 7231
2792 7232
146 7233
419 7234
205 7235
176 7236
2588 7237
3467 7238
2811 7239
3554 7240
1557 7241
1467 7242
6 7243
3458 7244
317 7245
1884 7246
3650 7247
1877 7248
2405 7249
2646 7250
175 7251
847 7252
3751 7253
3606 7254
2948 7255
3414 7256
517 7257
2495 7258
3504 7259
2845 7260
2279 7261
3312 7262
1819 7263
2911 7264
1900 7265
2980 7266
3096 7267
1131 7268
2260 7269
3193 7270
106 7271
2262 7272
2185 7273
650 7274
3247 7275
2006 7276
449 7277
3236 7278
3310 7279
139 7280
811 7281
709 7282
3542 7283
1773 7284
2302 7285
652 7286
2412 7287
3668 7288
100 7289
3585 7290
55 7291
2050 7292
3477 7293
353 7294
2540 7295
837 7296
3873 7297
3980 7298
732 7299
3014 7300
448 7301
364 7302
2988 7303
3453 7304
3048 7305
1746 7306
470 7307
465 7308
197 7309
1482 7310
1426 7311
2197 7312
3883 7313
3455 7314
2238 7315
2479 7316
2134 7317
2554 7318
431 7319
2559 7320
1226 7321
2252 7322
2799 7323
1780 7324
2548 7325
2446 7326
558 7327
2523 7328
2839 7329
2066 7330
3699 7331
3150 7332
1375 7333
1723 7334
3298 7335
3926 7336
391 7337
877 7338
164 7339
3099 7340
515 7341
3385 7342
3448 7343
668 7344
2872 7345
3898 7346
1303 7347
3141 7348
469 7349
291 7350
266 7351
707 7352
3004 7353
3040 7354
3192 7355
762 7356
1056 7357
82 7358
1254 7359
18 7360
1180 7361
2285 7362
1940 7363
565 7364
3260 7365
812 7366
3837 7367
2572 7368
2511 7369
564 7370
3074 7371
2323 7372
472 7373
832 7374
2691 7375
702 7376
1738 7377
1454 7378
2024 7379
84 7380
1298 7381
1959 7382
1933 7383
49 7384
2923 7385
781 7386
42 7387
1874 7388
3453 7389
1767 7390
3422 7391
354 7392
1332 7393
1524 7394
92 7395
884 7396
1541 7397
288 7398
3269 7399
2821 7400
2536 7401
1618 7402
2189 7403
2585 7404
1904 7405
1278 7406
3430 7407
2320 7408
2943 7409
152 7410
1942 7411
3337 7412
2727 7413
2333 7414
2741 7415
1507 7416
2526 7417
2261 7418
2849 7419
3252 7420
2637 7421
3456 7422
1718 7423
2986 7424
2559 7425
3851 7426
2143 7427
211 7428
96 7429
1485 7430
117 7431
2194 7432
873 7433
2356 7434
1854 7435
603 7436
2317 7437
2074 7438
1028 7439
3752 7440
3333 7441
1649 7442
393 7443
2307 7444
857 7445
3754 7446
2308 7447
873 7448
187 7449
3777 7450
3693 7451
2405 7452
1495 7453
3123 7454
1762 7455
803 7456
3288 7457
2845 7458
2005 7459
357 7460
22 7461
3753 7462
642 7463
1975 7464
2639 7465
1055 7466
1106 7467
2675 7468
1987 7469
1695 7470
1033 7471
3649 7472
584 7473
1891 7474
2514 7475
876 7476
2557 7477
910 7478
886 7479
2476 7480
3108 7481
2361 7482
2902 7483
993 7484
137 7485
3742 7486
255 7487
1559 7488
3667 7489
40 7490
1715 7491
3278 7492
2082 7493
1892 7494
2192 7495
3988 7496
3453 7497
1498 7498
784 7499
929 7500
77 7501
3735 7502
854 7503
2872 7504
3647 7505
2331 7506
143 7507
3854 7508
1590 7509
3158 7510
2469 7511
2411 7512
102 7513
552 7514
1050 7515
709 7516
3886 7517
1529 7518
867 7519
1551 7520
3783 7521
3253 7522
2784 7523
3088 7524
2588 7525
3823 7526
2752 7527
925 7528
3763 7529
206 7530
3528 7531
1967 7532
3299 7533
912 7534
3312 7535
375 7536
1413 7537
380 7538
462 7539
982 7540
1708 7541
207 7542
1360 7543
414 7544
1584 7545
1622 7546
1289 7547
291 7548
963 7549
924 7550
1572 7551
2388 7552
2998 7553
1817 7554
2971 7555
376 7556
1514 7557
260 7558
3270 7559
1238 7560
2403 7561
2427 7562
3451 7563
543 7564
3703 7565
1508 7566
644 7567
3647 7568
1270 7569
2956 7570
2133 7571
2148 7572
3109 7573
2106 7574
1271 7575
1656 7576
1248 7577
802 7578
3018 7579
2509 7580
3127 7581
3607 7582
87 7583
2220 7584
2281 7585
242 7586
2610 7587
658 7588
2503 7589
1365 7590
554 7591
1922 7592
1481 7593
477 7594
464 7595
1892 7596
2436 7597
484 7598
3270 7599
3050 7600
992 7601
2490 7602
837 7603
2945 7604
3210 7605
27 7606
881 7607
3727 7608
2395 7609
382 7610
2663 7611
1511 7612
2585 7613
265 7614
1988 7615
512 7616
3430 7617
1320 7618
2284 7619
828 7620
743 7621
96 7622
3271 7623
1285 7624
2265 7625
296 7626
279 7627
2623 7628
2761 7629
1143 7630
3145 7631
2378 7632
2403 7633
143 7634
2835 7635
670 7636
643 7637
3813 7638
1954 7639
3984 7640
2710 7641
2612 7642
896 7643
1920 7644
2430 7645
3595 7646
1488 7647
2044 7648
1078 7649
584 7650
3601 7651
257 7652
3089 7653
858 7654
3056 7655
503 7656
1302 7657
3663 7658
856 7659
274 7660
2710 7661
3134 7662
3964 7663
2620 7664
1714 7665
1034 7666
1858 7667
3993 7668
2484 7669
2107 7670
3662 7671
3544 7672
3152 7673
1697 7674
1740 7675
513 7676
2082 7677
974 7678
1437 7679
3359 7680
2682 7681
2294 7682
1970 7683
20 7684
1614 7685
2073 7686
3400 7687
3738 7688
744 7689
316 7690
405 7691
411 7692
3205 7693
781 7694
2835 7695
2202 7696
3188 7697
569 7698
661 7699
3290 7700
2580 7701
1441 7702
1820 7703
1614 7704
2291 7705
2128 7706
3141 7707
1440 7708
3071 7709
118 7710
3645 7711
3869 7712
2086 7713
3445 7714
3492 7715
3791 7716
834 7717
2391 7718
1209 7719
3695 7720
3573 7721
3947 7722
2157 7723
873 7724
716 7725
3972 7726
3947 7727
3190 7728
3917 7729
2885 7730
3800 7731
2638 7732
115 7733
2250 7734
2423 7735
2719 7736
3522 7737
1906 7738
1620 7739
1662 7740
1700 7741
1869 7742
1013 7743
1971 7744
1186 7745
3319 7746
2402 7747
1724 7748
2481 7749
3254 7750
2024 7751
3166 7752
2380 7753
2536 7754
700 7755
3530 7756
2600 7757
3724 7758
905 7759
1866 7760
1051 7761
79 7762
82 7763
2266 7764
146 7765
3758 7766
3334 7767
3923 7768
629 7769
2211 7770
2722 7771
3959 7772
1936 7773
188 7774
3848 7775
2929 7776
1933 7777
1154 7778
2851 7779
1677 7780
2284 7781
3999 7782
800 7783
2261 7784
1031 7785
1571 7786
1314 7787
3958 7788
2212 7789
169 7790
1500 7791
2927 7792
446 7793
3304 7794
108 7795
108 7796
3519 7797
642 7798
600 7799
3603 7800
1114 7801
3288 7802
1793 7803
43 7804
3295 7805
1381 7806
3874 7807
2996 7808
659 7809
920 7810
1120 7811
2879 7812
3636 7813
3534 7814
1901 7815
2402 7816
3327 7817
2497 7818
2304 7819
3552 7820
2899 7821
114 7822
1385 7823
509 7824
134 7825
2125 7826
2732 7827
2245 7828
955 7829
3146 7830
1351 7831
679 7832
1973 7833
560 7834
1651 7835
1651 7836
2628 7837
1653 7838
1448 7839
2069 7840
2527 7841
874 7842
3408 7843
3044 7844
3926 7845
219 7846
779 7847
3226 7848
2798 7849
3492 7850
554 7851
3741 7852
2124 7853
384 7854
1623 7855
387 7856
2856 7857
1940 7858
608 7859
467 7860
509 7861
2637 7862
3685 7863
3381 7864
1148 7865
2959 7866
2137 7867
2348 7868
335 7869
1553 7870
3115 7871
2253 7872
756 7873
2452 7874
3271 7875
3257 7876
985 7877
3976 7878
624 7879
1565 7880
904 7881
247 7882
3639 7883
2104 7884
1669 7885
476 7886
3915 7887
878 7888
1860 7889
3329 7890
1860 7891
2709 7892
1785 7893
377 7894
1560 7895
485 7896
3739 7897
1706 7898
895 7899
2177 7900
1256 7901
3526 7902
1732 7903
3746 7904
2169 7905
2156 7906
2510 7907
3085 7908
1860 7909
1081 7910
3709 7911
2906 7912
1609 7913
1955 7914
3269 7915
3594 7916
1433 7917
1787 7918
151 7919
63 7920
2323 7921
2830 7922
1967 7923
3390 7924
3277 7925
422 7926
2342 7927
2075 7928
3679 7929
3198 7930
591 7931
1333 7932
3452 7933
1590 7934
2669 7935
1616 7936
3195 7937
3663 7938
3173 7939
2243 7940
2043 7941
477 7942
1723 7943
1936 7944
38 7945
2549 7946
293 7947
423 7948
862 7949
3727 7950
2078 7951
2110 7952
2374 7953
1593 7954
3101 7955
3526 7956
2251 7957
3054 7958
2814 7959
3555 7960
2953 7961
124 7962
915 7963
2488 7964
648 7965
434 7966
829 7967
361 7968
321 7969
165 7970
1112 7971
2154 7972
3019 7973
3454 7974
2988 7975
2774 7976
2588 7977
3916 7978
466 7979
175 7980
2288 7981
2712 7982
2858 7983
510 7984
853 7985
1623 7986
2013 7987
167 7988
2858 7989
3349 7990
2840 7991
1644 7992
1929 7993
346 7994
2583 7995
3691 7996
1340 7997
3537 7998
2855 7999
901 8000
3633 8001
3133 8002
1199 8003
387 8004
3493 8005
2873 8006
2017 8007
409 8008
1270 8009
1453 8010
240 8011
914 8012
2819 8013
396 8014
290 8015
3731 8016
3876 8017
760 8018
3701 8019
1733 8020
1577 8021
726 8022
2803 8023
823 8024
253 8025
346 8026
1782 8027
1472 8028
2465 8029
2609 8030
3251 8031
2368 8032
57 8033
3227 8034
558 8035
994 8036
281 8037
2265 8038
1956 8039
3143 8040
1695 8041
1619 8042
313 8043
80 8044
2448 8045
2657 8046
806 8047
3894 8048
2394 8049
1579 8050
2189 8051
24 8052
223 8053
2830 8054
3840 8055
2887 8056
3952 8057
1456 8058
1276 8059
3731 8060
630 8061
2599 8062
382 8063
3536 8064
564 8065
1386 8066
2887 8067
2624 8068
3298 8069
2286 8070
1038 8071
3044 8072
1530 8073
500 8074
1513 8075
1591 8076
719 8077
1396 8078
1028 8079
878 8080
182 8081
1835 8082
522 8083
3645 8084
3378 8085
1774 8086
3605 8087
3726 8088
3888 8089
847 8090
852 8091
77 8092
3983 8093
680 8094
350 8095
615 8096
3288 8097
3284 8098
2581 8099
2407 8100
1354 8101
3933 8102
2010 8103
1491 8104
827 8105
1245 8106
2590 8107
1519 8108
62 8109
3180 8110
2215 8111
2324 8112
177 8113
1571 8114
3547 8115
3026 8116
1626 8117
3443 8118
3612 8119
2213 8120
3747 8121
2868 8122
1323 8123
2594 8124
3566 8125
819 8126
3568 8127
3785 8128
865 8129
1778 8130
1388 8131
3176 8132
3693 8133
552 8134
1154 8135
1182 8136
2136 8137
3736 8138
90 8139
1637 8140
127 8141
480 8142
2261 8143
3521 8144
3817 8145
2335 8146
3585 8147
3074 8148
433 8149
2967 8150
461 8151
1644 8152
3273 8153
2934 8154
2973 8155
1967 8156
3639 8157
881 8158
1415 8159
3110 8160
1089 8161
2336 8162
526 8163
3914 8164
786 8165
3384 8166
1713 8167
2904 8168
3944 8169
590 8170
1139 8171
3091 8172
3334 8173
3778 8174
474 8175
2742 8176
2926 8177
2413 8178
2754 8179
850 8180
41 8181
2926 8182
3265 8183
1972 8184
1369 8185
2863 8186
1439 8187
3362 8188
2455 8189
628 8190
349 8191
300 8192
3807 8193
57 8194
2238 8195
3756 8196
2643 8197
794 8198
3569 8199
1658 8200
3240 8201
1152 8202
3556 8203
1512 8204
3770 8205
3787 8206
19 8207
352 8208
1376 8209
44 8210
974 8211
3114 8212
354 8213
690 8214
225 8215
3568 8216
3435 8217
308 8218
3053 8219
93 8220
2709 8221
2614 8222
1795 8223
3149 8224
923 8225
1098 8226
2571 8227
318 8228
3839 8229
2263 8230
3240 8231
85 8232
171 8233
283 8234
3739 8235
1453 8236
3965 8237
2785 8238
3028 8239
3702 8240
3873 8241
2976 8242
2413 8243
1558 8244
3274 8245
305 8246
2622 8247
2571 8248
1261 8249
2554 8250
1501 8251
3954 8252
316 8253
844 8254
3041 8255
1671 8256
3495 8257
3577 8258
2591 8259
3361 8260
51 8261
847 8262
3430 8263
590 8264
1384 8265
2347 8266
2334 8267
3621 8268
1218 8269
3398 8270
2718 8271
566 8272
2282 8273
473 8274
3488 8275
23 8276
2368 8277
2935 8278
3034 8279
3655 8280
237 8281
1500 8282
388 8283
1341 8284
3630 8285
115 8286
2782 8287
1517 8288
1089 8289
3121 8290
3614 8291
360 8292
1839 8293
272 8294
1930 8295
2118 8296
1464 8297
2894 8298
1786 8299
3201 8300
3717 8301
2147 8302
1715 8303
924 8304
2966 8305
2523 8306
3191 8307
828 8308
2748 8309
1317 8310
3567 8311
810 8312
1032 8313
223 8314
223 8315
1126 8316
2228 8317
3897 8318
355 8319
2551 8320
2422 8321
89 8322
3982 8323
2153 8324
987 8325
610 8326
2716 8327
2483 8328
2273 8329
534 8330
788 8331
2756 8332
1646 8333
676 8334
1611 8335
852 8336
2676 8337
632 8338
3211 8339
2445 8340
2865 8341
2860 8342
1294 8343
1342 8344
3477 8345
1759 8346
2660 8347
2660 8348
3678 8349
9 8350
503 8351
283 8352
272 8353
3571 8354
3836 8355
3619 8356
2494 8357
3053 8358
2404 8359
3259 8360
2501 8361
1831 8362
3057 8363
3323 8364
2406 8365
1748 8366
2308 8367
962 8368
2213 8369
1479 8370
1365 8371
3497 8372
2269 8373
2542 8374
371 8375
1872 8376
1127 8377
207 8378
706 8379
3121 8380
3214 8381
609 8382
609 8383
1205 8384
243 8385
171 8386
341 8387
1456 8388
580 8389
1143 8390
3795 8391
1785 8392
2447 8393
2088 8394
2115 8395
544 8396
3394 8397
2923 8398
1892 8399
3182 8400
762 8401
2810 8402
2942 8403
1864 8404
1847 8405
461 8406
3918 8407
3561 8408
1022 8409
1620 8410
391 8411
2164 8412
1290 8413
532 8414
2692 8415
2681 8416
1548 8417
1999 8418
1356 8419
2841 8420
1904 8421
2312 8422
778 8423
3043 8424
2464 8425
2888 8426
2949 8427
2863 8428
122 8429
2759 8430
3866 8431
2757 8432
785 8433
2326 8434
705 8435
1245 8436
1257 8437
3389 8438
2917 8439
3332 8440
3153 8441
787 8442
3217 8443
1922 8444
3577 8445
2183 8446
2960 8447
1059 8448
228 8449
347 8450
2874 8451
3878 8452
2346 8453
2343 8454
1426 8455
3002 8456
2061 8457
223 8458
351 8459
3775 8460
3642 8461
282 8462
367 8463
2694 8464
3127 8465
16 8466
1989 8467
2150 8468
2151 8469
1670 8470
1761 8471
976 8472
2671 8473
2779 8474
1264 8475
3128 8476
965 8477
310 8478
2255 8479
3556 8480
380 8481
1568 8482
1131 8483
826 8484
3003 8485
2914 8486
1674 8487
2946 8488
3252 8489
2695 8490
3687 8491
31 8492
1458 8493
291 8494
3389 8495
1643 8496
1465 8497
2268 8498
3933 8499
2134 8500
297 8501
1989 8502
2254 8503
1598 8504
2779 8505
3853 8506
2082 8507
996 8508
1562 8509
1111 8510
1281 8511
1154 8512
3704 8513
749 8514
3062 8515
1195 8516
2192 8517
1272 8518
1198 8519
2252 8520
2431 8521
538 8522
246 8523
528 8524
1507 8525
53 8526
3897 8527
3689 8528
1527 8529
2538 8530
3149 8531
3560 8532
3780 8533
1706 8534
1287 8535
1293 8536
288 8537
3323 8538
575 8539
2888 8540
1917 8541
2353 8542
2928 8543
2920 8544
2289 8545
3382 8546
3729 8547
3871 8548
2668 8549
1339 8550
430 8551
834 8552
825 8553
3046 8554
1442 8555
647 8556
951 8557
286 8558
713 8559
562 8560
2649 8561
3012 8562
2047 8563
2615 8564
3582 8565
1751 8566
266 8567
2244 8568
837 8569
2909 8570
1566 8571
1874 8572
3800 8573
2151 8574
3502 8575
916 8576
2719 8577
3572 8578
1667 8579
3117 8580
409 8581
2603 8582
1094 8583
2369 8584
488 8585
247 8586
612 8587
3143 8588
1389 8589
3601 8590
2068 8591
3751 8592
1774 8593
2610 8594
3284 8595
1965 8596
3124 8597
952 8598
1351 8599
3176 8600
3673 8601
3395 8602
1232 8603
3947 8604
2198 8605
513 8606
1614 8607
2841 8608
2740 8609
1830 8610
3658 8611
2002 8612
3832 8613
2453 8614
3997 8615
629 8616
1081 8617
2124 8618
3218 8619
3698 8620
3195 8621
2632 8622
835 8623
2842 8624
3898 8625
984 8626
3321 8627
1978 8628
1372 8629
3254 8630
2445 8631
1679 8632
3323 8633
3072 8634
771 8635
2476 8636
3761 8637
2571 8638
1169 8639
3386 8640
3374 8641
951 8642
3063 8643
643 8644
127 8645
2621 8646
1034 8647
2696 8648
1546 8649
949 8650
1423 8651
474 8652
2407 8653
1456 8654
2518 8655
3181 8656
3623 8657
74 8658
3641 8659
2398 8660
185 8661
952 8662
2864 8663
1556 8664
692 8665
2635 8666
82 8667
2863 8668
1916 8669
1801 8670
2827 8671
2554 8672
30 8673
464 8674
1488 8675
3962 8676
3371 8677
1961 8678
612 8679
196 8680
3204 8681
948 8682
409 8683
3005 8684
3504 8685
1275 8686
3590 8687
3429 8688
3606 8689
221 8690
1975 8691
674 8692
2636 8693
237 8694
1007 8695
1477 8696
1518 8697
1843 8698
1635 8699
1108 8700
2526 8701
1576 8702
2989 8703
3216 8704
941 8705
631 8706
1565 8707
2708 8708
1639 8709
1223 8710
2223 8711
1290 8712
985 8713
634 8714
714 8715
2534 8716
962 8717
2082 8718
2053 8719
3563 8720
888 8721
1607 8722
1854 8723
3177 8724
1799 8725
2090 8726
683 8727
650 8728
368 8729
411 8730
2481 8731
3690 8732
3899 8733
841 8734
1917 8735
1679 8736
2398 8737
2446 8738
2949 8739
1330 8740
3443 8741
1504 8742
1997 8743
235 8744
1094 8745
1699 8746
795 8747
3 8748
2472 8749
2547 8750
427 8751
877 8752
560 8753
3594 8754
3059 8755
2766 8756
3184 8757
3723 8758
669 8759
2821 8760
1417 8761
1115 8762
1588 8763
465 8764
2338 8765
1210 8766
1283 8767
3445 8768
1522 8769
1192 8770
2322 8771
3534 8772
73 8773
247 8774
3028 8775
3046 8776
121 8777
124 8778
1684 8779
3729 8780
171 8781
1681 8782
1090 8783
1200 8784
545 8785
3053 8786
3171 8787
2114 8788
747 8789
1137 8790
2048 8791
1058 8792
116 8793
360 8794
502 8795
2988 8796
2586 8797
3870 8798
174 8799
2675 8800
2592 8801
882 8802
1387 8803
3626 8804
1701 8805
788 8806
2718 8807
1835 8808
3485 8809
620 8810
2215 8811
512 8812
2634 8813
395 8814
1508 8815
2903 8816
1151 8817
2366 8818
3241 8819
3931 8820
2435 8821
3453 8822
92 8823
2511 8824
3076 8825
1614 8826
2567 8827
1299 8828
1054 8829
680 8830
758 8831
2726 8832
1164 8833
3934 8834
2873 8835
836 8836
499 8837
3587 8838
1432 8839
1248 8840
660 8841
1409 8842
1471 8843
2074 8844
1211 8845
720 8846
2882 8847
2450 8848
2737 8849
645 8850
452 8851
3077 8852
3864 8853
1696 8854
260 8855
1325 8856
187 8857
2628 8858
1827 8859
34 8860
2475 8861
2290 8862
947 8863
1165 8864
1625 8865
1383 8866
1758 8867
1652 8868
1078 8869
1453 8870
173 8871
2472 8872
3500 8873
1445 8874
2005 8875
293 8876
1362 8877
2704 8878
2279 8879
841 8880
1717 8881
961 8882
1126 8883
1011 8884
197 8885
3229 8886
2321 8887
1731 8888
3717 8889
2784 8890
452 8891
2307 8892
919 8893
1250 8894
958 8895
1650 8896
1193 8897
3439 8898
3593 8899
2384 8900
2045 8901
309 8902
579 8903
11 8904
3141 8905
2865 8906
1723 8907
3971 8908
1649 8909
175 8910
623 8911
2839 8912
113 8913
1447 8914
2942 8915
774 8916
3930 8917
540 8918
1785 8919
503 8920
1994 8921
525 8922
1754 8923
164 8924
2003 8925
784 8926
752 8927
3603 8928
245 8929
1052 8930
1406 8931
3375 8932
1673 8933
3203 8934
1699 8935
2458 8936
1100 8937
3641 8938
2004 8939
3616 8940
1192 8941
197 8942
2577 8943
854 8944
3102 8945
2640 8946
602 8947
2455 8948
665 8949
13 8950
467 8951
1279 8952
171 8953
577 8954
1953 8955
1795 8956
3012 8957
3681 8958
3368 8959
2092 8960
1656 8961
3453 8962
2020 8963
341 8964
229 8965
1530 8966
2447 8967
1395 8968
3720 8969
929 8970
2027 8971
2661 8972
3437 8973
3735 8974
2340 8975
1504 8976
1591 8977
915 8978
279 8979
624 8980
559 8981
2825 8982
701 8983
1134 8984
1788 8985
1299 8986
3188 8987
1101 8988
3222 8989
305 8990
1265 8991
1615 8992
2689 8993
3054 8994
1287 8995
1150 8996
2422 8997
2131 8998
