8000
1 2
2 3
3 4
4 5
5 6
6 7
7 8
8 9
9 10
10 11
11 12
12 13
13 14
14 15
15 16
16 17
17 18
18 19
19 20
20 21
21 22
22 23
23 24
24 25
25 26
26 27
27 28
28 29
29 30
30 31
31 32
32 33
33 34
34 35
35 36
36 37
37 38
38 39
39 40
40 41
41 42
42 43
43 44
44 45
45 46
46 47
47 48
48 49
49 50
50 51
51 52
52 53
53 54
54 55
55 56
56 57
57 58
58 59
59 60
60 61
61 62
62 63
63 64
64 65
65 66
66 67
67 68
68 69
69 70
70 71
71 72
72 73
73 74
74 75
75 76
76 77
77 78
78 79
79 80
80 81
81 82
82 83
83 84
84 85
85 86
86 87
87 88
88 89
89 90
90 91
91 92
92 93
93 94
94 95
95 96
96 97
97 98
98 99
99 100
100 101
101 102
102 103
103 104
104 105
105 106
106 107
107 108
108 109
109 110
110 111
111 112
112 113
113 114
114 115
115 116
116 117
117 118
118 119
119 120
120 121
121 122
122 123
123 124
124 125
125 126
126 127
127 128
128 129
129 130
130 131
131 132
132 133
133 134
134 135
135 136
136 137
137 138
138 139
139 140
140 141
141 142
142 143
143 144
144 145
145 146
146 147
147 148
148 149
149 150
150 151
151 152
152 153
153 154
154 155
155 156
156 157
157 158
158 159
159 160
160 161
161 162
162 163
163 164
164 165
165 166
166 167
167 168
168 169
169 170
170 171
171 172
172 173
173 174
174 175
175 176
176 177
177 178
178 179
179 180
180 181
181 182
182 183
183 184
184 185
185 186
186 187
187 188
188 189
189 190
190 191
191 192
192 193
193 194
194 195
195 196
196 197
197 198
198 199
199 200
200 201
201 202
202 203
203 204
204 205
205 206
206 207
207 208
208 209
209 210
210 211
211 212
212 213
213 214
214 215
215 216
216 217
217 218
218 219
219 220
220 221
221 222
222 223
223 224
224 225
225 226
226 227
227 228
228 229
229 230
230 231
231 232
232 233
233 234
234 235
235 236
236 237
237 238
238 239
239 240
240 241
241 242
242 243
243 244
244 245
245 246
246 247
247 248
248 249
249 250
250 251
251 252
252 253
253 254
254 255
255 256
256 257
257 258
258 259
259 260
260 261
261 262
262 263
263 264
264 265
265 266
266 267
267 268
268 269
269 270
270 271
271 272
272 273
273 274
274 275
275 276
276 277
277 278
278 279
279 280
280 281
281 282
282 283
283 284
284 285
285 286
286 287
287 288
288 289
289 290
290 291
291 292
292 293
293 294
294 295
295 296
296 297
297 298
298 299
299 300
300 301
301 302
302 303
303 304
304 305
305 306
306 307
307 308
308 309
309 310
310 311
311 312
312 313
313 314
314 315
315 316
316 317
317 318
318 319
319 320
320 321
321 322
322 323
323 324
324 325
325 326
326 327
327 328
328 329
329 330
330 331
331 332
332 333
333 334
334 335
335 336
336 337
337 338
338 339
339 340
340 341
341 342
342 343
343 344
344 345
345 346
346 347
347 348
348 349
349 350
350 351
351 352
352 353
353 354
354 355
355 356
356 357
357 358
358 359
359 360
360 361
361 362
362 363
363 364
364 365
365 366
366 367
367 368
368 369
369 370
370 371
371 372
372 373
373 374
374 375
375 376
376 377
377 378
378 379
379 380
380 381
381 382
382 383
383 384
384 385
385 386
386 387
387 388
388 389
389 390
390 391
391 392
392 393
393 394
394 395
395 396
396 397
397 398
398 399
399 400
400 401
401 402
402 403
403 404
404 405
405 406
406 407
407 408
408 409
409 410
410 411
411 412
412 413
413 414
414 415
415 416
416 417
417 418
418 419
419 420
420 421
421 422
422 423
423 424
424 425
425 426
426 427
427 428
428 429
429 430
430 431
431 432
432 433
433 434
434 435
435 436
436 437
437 438
438 439
439 440
440 441
441 442
442 443
443 444
444 445
445 446
446 447
447 448
448 449
449 450
450 451
451 452
452 453
453 454
454 455
455 456
456 457
457 458
458 459
459 460
460 461
461 462
462 463
463 464
464 465
465 466
466 467
467 468
468 469
469 470
470 471
471 472
472 473
473 474
474 475
475 476
476 477
477 478
478 479
479 480
480 481
481 482
482 483
483 484
484 485
485 486
486 487
487 488
488 489
489 490
490 491
491 492
492 493
493 494
494 495
495 496
496 497
497 498
498 499
499 500
500 501
501 502
502 503
503 504
504 505
505 506
506 507
507 508
508 509
509 510
510 511
511 512
512 513
513 514
514 515
515 516
516 517
517 518
518 519
519 520
520 521
521 522
522 523
523 524
524 525
525 526
526 527
527 528
528 529
529 530
530 531
531 532
532 533
533 534
534 535
535 536
536 537
537 538
538 539
539 540
540 541
541 542
542 543
543 544
544 545
545 546
546 547
547 548
548 549
549 550
550 551
551 552
552 553
553 554
554 555
555 556
556 557
557 558
558 559
559 560
560 561
561 562
562 563
563 564
564 565
565 566
566 567
567 568
568 569
569 570
570 571
571 572
572 573
573 574
574 575
575 576
576 577
577 578
578 579
579 580
580 581
581 582
582 583
583 584
584 585
585 586
586 587
587 588
588 589
589 590
590 591
591 592
592 593
593 594
594 595
595 596
596 597
597 598
598 599
599 600
600 601
601 602
602 603
603 604
604 605
605 606
606 607
607 608
608 609
609 610
610 611
611 612
612 613
613 614
614 615
615 616
616 617
617 618
618 619
619 620
620 621
621 622
622 623
623 624
624 625
625 626
626 627
627 628
628 629
629 630
630 631
631 632
632 633
633 634
634 635
635 636
636 637
637 638
638 639
639 640
640 641
641 642
642 643
643 644
644 645
645 646
646 647
647 648
648 649
649 650
650 651
651 652
652 653
653 654
654 655
655 656
656 657
657 658
658 659
659 660
660 661
661 662
662 663
663 664
664 665
665 666
666 667
667 668
668 669
669 670
670 671
671 672
672 673
673 674
674 675
675 676
676 677
677 678
678 679
679 680
680 681
681 682
682 683
683 684
684 685
685 686
686 687
687 688
688 689
689 690
690 691
691 692
692 693
693 694
694 695
695 696
696 697
697 698
698 699
699 700
700 701
701 702
702 703
703 704
704 705
705 706
706 707
707 708
708 709
709 710
710 711
711 712
712 713
713 714
714 715
715 716
716 717
717 718
718 719
719 720
720 721
721 722
722 723
723 724
724 725
725 726
726 727
727 728
728 729
729 730
730 731
731 732
732 733
733 734
734 735
735 736
736 737
737 738
738 739
739 740
740 741
741 742
742 743
743 744
744 745
745 746
746 747
747 748
748 749
749 750
750 751
751 752
752 753
753 754
754 755
755 756
756 757
757 758
758 759
759 760
760 761
761 762
762 763
763 764
764 765
765 766
766 767
767 768
768 769
769 770
770 771
771 772
772 773
773 774
774 775
775 776
776 777
777 778
778 779
779 780
780 781
781 782
782 783
783 784
784 785
785 786
786 787
787 788
788 789
789 790
790 791
791 792
792 793
793 794
794 795
795 796
796 797
797 798
798 799
799 800
800 801
801 802
802 803
803 804
804 805
805 806
806 807
807 808
808 809
809 810
810 811
811 812
812 813
813 814
814 815
815 816
816 817
817 818
818 819
819 820
820 821
821 822
822 823
823 824
824 825
825 826
826 827
827 828
828 829
829 830
830 831
831 832
832 833
833 834
834 835
835 836
836 837
837 838
838 839
839 840
840 841
841 842
842 843
843 844
844 845
845 846
846 847
847 848
848 849
849 850
850 851
851 852
852 853
853 854
854 855
855 856
856 857
857 858
858 859
859 860
860 861
861 862
862 863
863 864
864 865
865 866
866 867
867 868
868 869
869 870
870 871
871 872
872 873
873 874
874 875
875 876
876 877
877 878
878 879
879 880
880 881
881 882
882 883
883 884
884 885
885 886
886 887
887 888
888 889
889 890
890 891
891 892
892 893
893 894
894 895
895 896
896 897
897 898
898 899
899 900
900 901
901 902
902 903
903 904
904 905
905 906
906 907
907 908
908 909
909 910
910 911
911 912
912 913
913 914
914 915
915 916
916 917
917 918
918 919
919 920
920 921
921 922
922 923
923 924
924 925
925 926
926 927
927 928
928 929
929 930
930 931
931 932
932 933
933 934
934 935
935 936
936 937
937 938
938 939
939 940
940 941
941 942
942 943
943 944
944 945
945 946
946 947
947 948
948 949
949 950
950 951
951 952
952 953
953 954
954 955
955 956
956 957
957 958
958 959
959 960
960 961
961 962
962 963
963 964
964 965
965 966
966 967
967 968
968 969
969 970
970 971
971 972
972 973
973 974
974 975
975 976
976 977
977 978
978 979
979 980
980 981
981 982
982 983
983 984
984 985
985 986
986 987
987 988
988 989
989 990
990 991
991 992
992 993
993 994
994 995
995 996
996 997
997 998
998 999
999 1000
1000 1001
1001 1002
1002 1003
1003 1004
1004 1005
1005 1006
1006 1007
1007 1008
1008 1009
1009 1010
1010 1011
1011 1012
1012 1013
1013 1014
1014 1015
1015 1016
1016 1017
1017 1018
1018 1019
1019 1020
1020 1021
1021 1022
1022 1023
1023 1024
1024 1025
1025 1026
1026 1027
1027 1028
1028 1029
1029 1030
1030 1031
1031 1032
1032 1033
1033 1034
1034 1035
1035 1036
1036 1037
1037 1038
1038 1039
1039 1040
1040 1041
1041 1042
1042 1043
1043 1044
1044 1045
1045 1046
1046 1047
1047 1048
1048 1049
1049 1050
1050 1051
1051 1052
1052 1053
1053 1054
1054 1055
1055 1056
1056 1057
1057 1058
1058 1059
1059 1060
1060 1061
1061 1062
1062 1063
1063 1064
1064 1065
1065 1066
1066 1067
1067 1068
1068 1069
1069 1070
1070 1071
1071 1072
1072 1073
1073 1074
1074 1075
1075 1076
1076 1077
1077 1078
1078 1079
1079 1080
1080 1081
1081 1082
1082 1083
1083 1084
1084 1085
1085 1086
1086 1087
1087 1088
1088 1089
1089 1090
1090 1091
1091 1092
1092 1093
1093 1094
1094 1095
1095 1096
1096 1097
1097 1098
1098 1099
1099 1100
1100 1101
1101 1102
1102 1103
1103 1104
1104 1105
1105 1106
1106 1107
1107 1108
1108 1109
1109 1110
1110 1111
1111 1112
1112 1113
1113 1114
1114 1115
1115 1116
1116 1117
1117 1118
1118 1119
1119 1120
1120 1121
1121 1122
1122 1123
1123 1124
1124 1125
1125 1126
1126 1127
1127 1128
1128 1129
1129 1130
1130 1131
1131 1132
1132 1133
1133 1134
1134 1135
1135 1136
1136 1137
1137 1138
1138 1139
1139 1140
1140 1141
1141 1142
1142 1143
1143 1144
1144 1145
1145 1146
1146 1147
1147 1148
1148 1149
1149 1150
1150 1151
1151 1152
1152 1153
1153 1154
1154 1155
1155 1156
1156 1157
1157 1158
1158 1159
1159 1160
1160 1161
1161 1162
1162 1163
1163 1164
1164 1165
1165 1166
1166 1167
1167 1168
1168 1169
1169 1170
1170 1171
1171 1172
1172 1173
1173 1174
1174 1175
1175 1176
1176 1177
1177 1178
1178 1179
1179 1180
1180 1181
1181 1182
1182 1183
1183 1184
1184 1185
1185 1186
1186 1187
1187 1188
1188 1189
1189 1190
1190 1191
1191 1192
1192 1193
1193 1194
1194 1195
1195 1196
1196 1197
1197 1198
1198 1199
1199 1200
1200 1201
1201 1202
1202 1203
1203 1204
1204 1205
1205 1206
1206 1207
1207 1208
1208 1209
1209 1210
1210 1211
1211 1212
1212 1213
1213 1214
1214 1215
1215 1216
1216 1217
1217 1218
1218 1219
1219 1220
1220 1221
1221 1222
1222 1223
1223 1224
1224 1225
1225 1226
1226 1227
1227 1228
1228 1229
1229 1230
1230 1231
1231 1232
1232 1233
1233 1234
1234 1235
1235 1236
1236 1237
1237 1238
1238 1239
1239 1240
1240 1241
1241 1242
1242 1243
1243 1244
1244 1245
1245 1246
1246 1247
1247 1248
1248 1249
1249 1250
1250 1251
1251 1252
1252 1253
1253 1254
1254 1255
1255 1256
1256 1257
1257 1258
1258 1259
1259 1260
1260 1261
1261 1262
1262 1263
1263 1264
1264 1265
1265 1266
1266 1267
1267 1268
1268 1269
1269 1270
1270 1271
1271 1272
1272 1273
1273 1274
1274 1275
1275 1276
1276 1277
1277 1278
1278 1279
1279 1280
1280 1281
1281 1282
1282 1283
1283 1284
1284 1285
1285 1286
1286 1287
1287 1288
1288 1289
1289 1290
1290 1291
1291 1292
1292 1293
1293 1294
1294 1295
1295 1296
1296 1297
1297 1298
1298 1299
1299 1300
1300 1301
1301 1302
1302 1303
1303 1304
1304 1305
1305 1306
1306 1307
1307 1308
1308 1309
1309 1310
1310 1311
1311 1312
1312 1313
1313 1314
1314 1315
1315 1316
1316 1317
1317 1318
1318 1319
1319 1320
1320 1321
1321 1322
1322 1323
1323 1324
1324 1325
1325 1326
1326 1327
1327 1328
1328 1329
1329 1330
1330 1331
1331 1332
1332 1333
1333 1334
1334 1335
1335 1336
1336 1337
1337 1338
1338 1339
1339 1340
1340 1341
1341 1342
1342 1343
1343 1344
1344 1345
1345 1346
1346 1347
1347 1348
1348 1349
1349 1350
1350 1351
1351 1352
1352 1353
1353 1354
1354 1355
1355 1356
1356 1357
1357 1358
1358 1359
1359 1360
1360 1361
1361 1362
1362 1363
1363 1364
1364 1365
1365 1366
1366 1367
1367 1368
1368 1369
1369 1370
1370 1371
1371 1372
1372 1373
1373 1374
1374 1375
1375 1376
1376 1377
1377 1378
1378 1379
1379 1380
1380 1381
1381 1382
1382 1383
1383 1384
1384 1385
1385 1386
1386 1387
1387 1388
1388 1389
1389 1390
1390 1391
1391 1392
1392 1393
1393 1394
1394 1395
1395 1396
1396 1397
1397 1398
1398 1399
1399 1400
1400 1401
1401 1402
1402 1403
1403 1404
1404 1405
1405 1406
1406 1407
1407 1408
1408 1409
1409 1410
1410 1411
1411 1412
1412 1413
1413 1414
1414 1415
1415 1416
1416 1417
1417 1418
1418 1419
1419 1420
1420 1421
1421 1422
1422 1423
1423 1424
1424 1425
1425 1426
1426 1427
1427 1428
1428 1429
1429 1430
1430 1431
1431 1432
1432 1433
1433 1434
1434 1435
1435 1436
1436 1437
1437 1438
1438 1439
1439 1440
1440 1441
1441 1442
1442 1443
1443 1444
1444 1445
1445 1446
1446 1447
1447 1448
1448 1449
1449 1450
1450 1451
1451 1452
1452 1453
1453 1454
1454 1455
1455 1456
1456 1457
1457 1458
1458 1459
1459 1460
1460 1461
1461 1462
1462 1463
1463 1464
1464 1465
1465 1466
1466 1467
1467 1468
1468 1469
1469 1470
1470 1471
1471 1472
1472 1473
1473 1474
1474 1475
1475 1476
1476 1477
1477 1478
1478 1479
1479 1480
1480 1481
1481 1482
1482 1483
1483 1484
1484 1485
1485 1486
1486 1487
1487 1488
1488 1489
1489 1490
1490 1491
1491 1492
1492 1493
1493 1494
1494 1495
1495 1496
1496 1497
1497 1498
1498 1499
1499 1500
1500 1501
1501 1502
1502 1503
1503 1504
1504 1505
1505 1506
1506 1507
1507 1508
1508 1509
1509 1510
1510 1511
1511 1512
1512 1513
1513 1514
1514 1515
1515 1516
1516 1517
1517 1518
1518 1519
1519 1520
1520 1521
1521 1522
1522 1523
1523 1524
1524 1525
1525 1526
1526 1527
1527 1528
1528 1529
1529 1530
1530 1531
1531 1532
1532 1533
1533 1534
1534 1535
1535 1536
1536 1537
1537 1538
1538 1539
1539 1540
1540 1541
1541 1542
1542 1543
1543 1544
1544 1545
1545 1546
1546 1547
1547 1548
1548 1549
1549 1550
1550 1551
1551 1552
1552 1553
1553 1554
1554 1555
1555 1556
1556 1557
1557 1558
1558 1559
1559 1560
1560 1561
1561 1562
1562 1563
1563 1564
1564 1565
1565 1566
1566 1567
1567 1568
1568 1569
1569 1570
1570 1571
1571 1572
1572 1573
1573 1574
1574 1575
1575 1576
1576 1577
1577 1578
1578 1579
1579 1580
1580 1581
1581 1582
1582 1583
1583 1584
1584 1585
1585 1586
1586 1587
1587 1588
1588 1589
1589 1590
1590 1591
1591 1592
1592 1593
1593 1594
1594 1595
1595 1596
1596 1597
1597 1598
1598 1599
1599 1600
1600 1601
1601 1602
1602 1603
1603 1604
1604 1605
1605 1606
1606 1607
1607 1608
1608 1609
1609 1610
1610 1611
1611 1612
1612 1613
1613 1614
1614 1615
1615 1616
1616 1617
1617 1618
1618 1619
1619 1620
1620 1621
1621 1622
1622 1623
1623 1624
1624 1625
1625 1626
1626 1627
1627 1628
1628 1629
1629 1630
1630 1631
1631 1632
1632 1633
1633 1634
1634 1635
1635 1636
1636 1637
1637 1638
1638 1639
1639 1640
1640 1641
1641 1642
1642 1643
1643 1644
1644 1645
1645 1646
1646 1647
1647 1648
1648 1649
1649 1650
1650 1651
1651 1652
1652 1653
1653 1654
1654 1655
1655 1656
1656 1657
1657 1658
1658 1659
1659 1660
1660 1661
1661 1662
1662 1663
1663 1664
1664 1665
1665 1666
1666 1667
1667 1668
1668 1669
1669 1670
1670 1671
1671 1672
1672 1673
1673 1674
1674 1675
1675 1676
1676 1677
1677 1678
1678 1679
1679 1680
1680 1681
1681 1682
1682 1683
1683 1684
1684 1685
1685 1686
1686 1687
1687 1688
1688 1689
1689 1690
1690 1691
1691 1692
1692 1693
1693 1694
1694 1695
1695 1696
1696 1697
1697 1698
1698 1699
1699 1700
1700 1701
1701 1702
1702 1703
1703 1704
1704 1705
1705 1706
1706 1707
1707 1708
1708 1709
1709 1710
1710 1711
1711 1712
1712 1713
1713 1714
1714 1715
1715 1716
1716 1717
1717 1718
1718 1719
1719 1720
1720 1721
1721 1722
1722 1723
1723 1724
1724 1725
1725 1726
1726 1727
1727 1728
1728 1729
1729 1730
1730 1731
1731 1732
1732 1733
1733 1734
1734 1735
1735 1736
1736 1737
1737 1738
1738 1739
1739 1740
1740 1741
1741 1742
1742 1743
1743 1744
1744 1745
1745 1746
1746 1747
1747 1748
1748 1749
1749 1750
1750 1751
1751 1752
1752 1753
1753 1754
1754 1755
1755 1756
1756 1757
1757 1758
1758 1759
1759 1760
1760 1761
1761 1762
1762 1763
1763 1764
1764 1765
1765 1766
1766 1767
1767 1768
1768 1769
1769 1770
1770 1771
1771 1772
1772 1773
1773 1774
1774 1775
1775 1776
1776 1777
1777 1778
1778 1779
1779 1780
1780 1781
1781 1782
1782 1783
1783 1784
1784 1785
1785 1786
1786 1787
1787 1788
1788 1789
1789 1790
1790 1791
1791 1792
1792 1793
1793 1794
1794 1795
1795 1796
1796 1797
1797 1798
1798 1799
1799 1800
1800 1801
1801 1802
1802 1803
1803 1804
1804 1805
1805 1806
1806 1807
1807 1808
1808 1809
1809 1810
1810 1811
1811 1812
1812 1813
1813 1814
1814 1815
1815 1816
1816 1817
1817 1818
1818 1819
1819 1820
1820 1821
1821 1822
1822 1823
1823 1824
1824 1825
1825 1826
1826 1827
1827 1828
1828 1829
1829 1830
1830 1831
1831 1832
1832 1833
1833 1834
1834 1835
1835 1836
1836 1837
1837 1838
1838 1839
1839 1840
1840 1841
1841 1842
1842 1843
1843 1844
1844 1845
1845 1846
1846 1847
1847 1848
1848 1849
1849 1850
1850 1851
1851 1852
1852 1853
1853 1854
1854 1855
1855 1856
1856 1857
1857 1858
1858 1859
1859 1860
1860 1861
1861 1862
1862 1863
1863 1864
1864 1865
1865 1866
1866 1867
1867 1868
1868 1869
1869 1870
1870 1871
1871 1872
1872 1873
1873 1874
1874 1875
1875 1876
1876 1877
1877 1878
1878 1879
1879 1880
1880 1881
1881 1882
1882 1883
1883 1884
1884 1885
1885 1886
1886 1887
1887 1888
1888 1889
1889 1890
1890 1891
1891 1892
1892 1893
1893 1894
1894 1895
1895 1896
1896 1897
1897 1898
1898 1899
1899 1900
1900 1901
1901 1902
1902 1903
1903 1904
1904 1905
1905 1906
1906 1907
1907 1908
1908 1909
1909 1910
1910 1911
1911 1912
1912 1913
1913 1914
1914 1915
1915 1916
1916 1917
1917 1918
1918 1919
1919 1920
1920 1921
1921 1922
1922 1923
1923 1924
1924 1925
1925 1926
1926 1927
1927 1928
1928 1929
1929 1930
1930 1931
1931 1932
1932 1933
1933 1934
1934 1935
1935 1936
1936 1937
1937 1938
1938 1939
1939 1940
1940 1941
1941 1942
1942 1943
1943 1944
1944 1945
1945 1946
1946 1947
1947 1948
1948 1949
1949 1950
1950 1951
1951 1952
1952 1953
1953 1954
1954 1955
1955 1956
1956 1957
1957 1958
1958 1959
1959 1960
1960 1961
1961 1962
1962 1963
1963 1964
1964 1965
1965 1966
1966 1967
1967 1968
1968 1969
1969 1970
1970 1971
1971 1972
1972 1973
1973 1974
1974 1975
1975 1976
1976 1977
1977 1978
1978 1979
1979 1980
1980 1981
1981 1982
1982 1983
1983 1984
1984 1985
1985 1986
1986 1987
1987 1988
1988 1989
1989 1990
1990 1991
1991 1992
1992 1993
1993 1994
1994 1995
1995 1996
1996 1997
1997 1998
1998 1999
1999 2000
2000 2001
2001 2002
2002 2003
2003 2004
2004 2005
2005 2006
2006 2007
2007 2008
2008 2009
2009 2010
2010 2011
2011 2012
2012 2013
2013 2014
2014 2015
2015 2016
2016 2017
2017 2018
2018 2019
2019 2020
2020 2021
2021 2022
2022 2023
2023 2024
2024 2025
2025 2026
2026 2027
2027 2028
2028 2029
2029 2030
2030 2031
2031 2032
2032 2033
2033 2034
2034 2035
2035 2036
2036 2037
2037 2038
2038 2039
2039 2040
2040 2041
2041 2042
2042 2043
2043 2044
2044 2045
2045 2046
2046 2047
2047 2048
2048 2049
2049 2050
2050 2051
2051 2052
2052 2053
2053 2054
2054 2055
2055 2056
2056 2057
2057 2058
2058 2059
2059 2060
2060 2061
2061 2062
2062 2063
2063 2064
2064 2065
2065 2066
2066 2067
2067 2068
2068 2069
2069 2070
2070 2071
2071 2072
2072 2073
2073 2074
2074 2075
2075 2076
2076 2077
2077 2078
2078 2079
2079 2080
2080 2081
2081 2082
2082 2083
2083 2084
2084 2085
2085 2086
2086 2087
2087 2088
2088 2089
2089 2090
2090 2091
2091 2092
2092 2093
2093 2094
2094 2095
2095 2096
2096 2097
2097 2098
2098 2099
2099 2100
2100 2101
2101 2102
2102 2103
2103 2104
2104 2105
2105 2106
2106 2107
2107 2108
2108 2109
2109 2110
2110 2111
2111 2112
2112 2113
2113 2114
2114 2115
2115 2116
2116 2117
2117 2118
2118 2119
2119 2120
2120 2121
2121 2122
2122 2123
2123 2124
2124 2125
2125 2126
2126 2127
2127 2128
2128 2129
2129 2130
2130 2131
2131 2132
2132 2133
2133 2134
2134 2135
2135 2136
2136 2137
2137 2138
2138 2139
2139 2140
2140 2141
2141 2142
2142 2143
2143 2144
2144 2145
2145 2146
2146 2147
2147 2148
2148 2149
2149 2150
2150 2151
2151 2152
2152 2153
2153 2154
2154 2155
2155 2156
2156 2157
2157 2158
2158 2159
2159 2160
2160 2161
2161 2162
2162 2163
2163 2164
2164 2165
2165 2166
2166 2167
2167 2168
2168 2169
2169 2170
2170 2171
2171 2172
2172 2173
2173 2174
2174 2175
2175 2176
2176 2177
2177 2178
2178 2179
2179 2180
2180 2181
2181 2182
2182 2183
2183 2184
2184 2185
2185 2186
2186 2187
2187 2188
2188 2189
2189 2190
2190 2191
2191 2192
2192 2193
2193 2194
2194 2195
2195 2196
2196 2197
2197 2198
2198 2199
2199 2200
2200 2201
2201 2202
2202 2203
2203 2204
2204 2205
2205 2206
2206 2207
2207 2208
2208 2209
2209 2210
2210 2211
2211 2212
2212 2213
2213 2214
2214 2215
2215 2216
2216 2217
2217 2218
2218 2219
2219 2220
2220 2221
2221 2222
2222 2223
2223 2224
2224 2225
2225 2226
2226 2227
2227 2228
2228 2229
2229 2230
2230 2231
2231 2232
2232 2233
2233 2234
2234 2235
2235 2236
2236 2237
2237 2238
2238 2239
2239 2240
2240 2241
2241 2242
2242 2243
2243 2244
2244 2245
2245 2246
2246 2247
2247 2248
2248 2249
2249 2250
2250 2251
2251 2252
2252 2253
2253 2254
2254 2255
2255 2256
2256 2257
2257 2258
2258 2259
2259 2260
2260 2261
2261 2262
2262 2263
2263 2264
2264 2265
2265 2266
2266 2267
2267 2268
2268 2269
2269 2270
2270 2271
2271 2272
2272 2273
2273 2274
2274 2275
2275 2276
2276 2277
2277 2278
2278 2279
2279 2280
2280 2281
2281 2282
2282 2283
2283 2284
2284 2285
2285 2286
2286 2287
2287 2288
2288 2289
2289 2290
2290 2291
2291 2292
2292 2293
2293 2294
2294 2295
2295 2296
2296 2297
2297 2298
2298 2299
2299 2300
2300 2301
2301 2302
2302 2303
2303 2304
2304 2305
2305 2306
2306 2307
2307 2308
2308 2309
2309 2310
2310 2311
2311 2312
2312 2313
2313 2314
2314 2315
2315 2316
2316 2317
2317 2318
2318 2319
2319 2320
2320 2321
2321 2322
2322 2323
2323 2324
2324 2325
2325 2326
2326 2327
2327 2328
2328 2329
2329 2330
2330 2331
2331 2332
2332 2333
2333 2334
2334 2335
2335 2336
2336 2337
2337 2338
2338 2339
2339 2340
2340 2341
2341 2342
2342 2343
2343 2344
2344 2345
2345 2346
2346 2347
2347 2348
2348 2349
2349 2350
2350 2351
2351 2352
2352 2353
2353 2354
2354 2355
2355 2356
2356 2357
2357 2358
2358 2359
2359 2360
2360 2361
2361 2362
2362 2363
2363 2364
2364 2365
2365 2366
2366 2367
2367 2368
2368 2369
2369 2370
2370 2371
2371 2372
2372 2373
2373 2374
2374 2375
2375 2376
2376 2377
2377 2378
2378 2379
2379 2380
2380 2381
2381 2382
2382 2383
2383 2384
2384 2385
2385 2386
2386 2387
2387 2388
2388 2389
2389 2390
2390 2391
2391 2392
2392 2393
2393 2394
2394 2395
2395 2396
2396 2397
2397 2398
2398 2399
2399 2400
2400 2401
2401 2402
2402 2403
2403 2404
2404 2405
2405 2406
2406 2407
2407 2408
2408 2409
2409 2410
2410 2411
2411 2412
2412 2413
2413 2414
2414 2415
2415 2416
2416 2417
2417 2418
2418 2419
2419 2420
2420 2421
2421 2422
2422 2423
2423 2424
2424 2425
2425 2426
2426 2427
2427 2428
2428 2429
2429 2430
2430 2431
2431 2432
2432 2433
2433 2434
2434 2435
2435 2436
2436 2437
2437 2438
2438 2439
2439 2440
2440 2441
2441 2442
2442 2443
2443 2444
2444 2445
2445 2446
2446 2447
2447 2448
2448 2449
2449 2450
2450 2451
2451 2452
2452 2453
2453 2454
2454 2455
2455 2456
2456 2457
2457 2458
2458 2459
2459 2460
2460 2461
2461 2462
2462 2463
2463 2464
2464 2465
2465 2466
2466 2467
2467 2468
2468 2469
2469 2470
2470 2471
2471 2472
2472 2473
2473 2474
2474 2475
2475 2476
2476 2477
2477 2478
2478 2479
2479 2480
2480 2481
2481 2482
2482 2483
2483 2484
2484 2485
2485 2486
2486 2487
2487 2488
2488 2489
2489 2490
2490 2491
2491 2492
2492 2493
2493 2494
2494 2495
2495 2496
2496 2497
2497 2498
2498 2499
2499 2500
2500 2501
2501 2502
2502 2503
2503 2504
2504 2505
2505 2506
2506 2507
2507 2508
2508 2509
2509 2510
2510 2511
2511 2512
2512 2513
2513 2514
2514 2515
2515 2516
2516 2517
2517 2518
2518 2519
2519 2520
2520 2521
2521 2522
2522 2523
2523 2524
2524 2525
2525 2526
2526 2527
2527 2528
2528 2529
2529 2530
2530 2531
2531 2532
2532 2533
2533 2534
2534 2535
2535 2536
2536 2537
2537 2538
2538 2539
2539 2540
2540 2541
2541 2542
2542 2543
2543 2544
2544 2545
2545 2546
2546 2547
2547 2548
2548 2549
2549 2550
2550 2551
2551 2552
2552 2553
2553 2554
2554 2555
2555 2556
2556 2557
2557 2558
2558 2559
2559 2560
2560 2561
2561 2562
2562 2563
2563 2564
2564 2565
2565 2566
2566 2567
2567 2568
2568 2569
2569 2570
2570 2571
2571 2572
2572 2573
2573 2574
2574 2575
2575 2576
2576 2577
2577 2578
2578 2579
2579 2580
2580 2581
2581 2582
2582 2583
2583 2584
2584 2585
2585 2586
2586 2587
2587 2588
2588 2589
2589 2590
2590 2591
2591 2592
2592 2593
2593 2594
2594 2595
2595 2596
2596 2597
2597 2598
2598 2599
2599 2600
2600 2601
2601 2602
2602 2603
2603 2604
2604 2605
2605 2606
2606 2607
2607 2608
2608 2609
2609 2610
2610 2611
2611 2612
2612 2613
2613 2614
2614 2615
2615 2616
2616 2617
2617 2618
2618 2619
2619 2620
2620 2621
2621 2622
2622 2623
2623 2624
2624 2625
2625 2626
2626 2627
2627 2628
2628 2629
2629 2630
2630 2631
2631 2632
2632 2633
2633 2634
2634 2635
2635 2636
2636 2637
2637 2638
2638 2639
2639 2640
2640 2641
2641 2642
2642 2643
2643 2644
2644 2645
2645 2646
2646 2647
2647 2648
2648 2649
2649 2650
2650 2651
2651 2652
2652 2653
2653 2654
2654 2655
2655 2656
2656 2657
2657 2658
2658 2659
2659 2660
2660 2661
2661 2662
2662 2663
2663 2664
2664 2665
2665 2666
2666 2667
2667 2668
2668 2669
2669 2670
2670 2671
2671 2672
2672 2673
2673 2674
2674 2675
2675 2676
2676 2677
2677 2678
2678 2679
2679 2680
2680 2681
2681 2682
2682 2683
2683 2684
2684 2685
2685 2686
2686 2687
2687 2688
2688 2689
2689 2690
2690 2691
2691 2692
2692 2693
2693 2694
2694 2695
2695 2696
2696 2697
2697 2698
2698 2699
2699 2700
2700 2701
2701 2702
2702 2703
2703 2704
2704 2705
2705 2706
2706 2707
2707 2708
2708 2709
2709 2710
2710 2711
2711 2712
2712 2713
2713 2714
2714 2715
2715 2716
2716 2717
2717 2718
2718 2719
2719 2720
2720 2721
2721 2722
2722 2723
2723 2724
2724 2725
2725 2726
2726 2727
2727 2728
2728 2729
2729 2730
2730 2731
2731 2732
2732 2733
2733 2734
2734 2735
2735 2736
2736 2737
2737 2738
2738 2739
2739 2740
2740 2741
2741 2742
2742 2743
2743 2744
2744 2745
2745 2746
2746 2747
2747 2748
2748 2749
2749 2750
2750 2751
2751 2752
2752 2753
2753 2754
2754 2755
2755 2756
2756 2757
2757 2758
2758 2759
2759 2760
2760 2761
2761 2762
2762 2763
2763 2764
2764 2765
2765 2766
2766 2767
2767 2768
2768 2769
2769 2770
2770 2771
2771 2772
2772 2773
2773 2774
2774 2775
2775 2776
2776 2777
2777 2778
2778 2779
2779 2780
2780 2781
2781 2782
2782 2783
2783 2784
2784 2785
2785 2786
2786 2787
2787 2788
2788 2789
2789 2790
2790 2791
2791 2792
2792 2793
2793 2794
2794 2795
2795 2796
2796 2797
2797 2798
2798 2799
2799 2800
2800 2801
2801 2802
2802 2803
2803 2804
2804 2805
2805 2806
2806 2807
2807 2808
2808 2809
2809 2810
2810 2811
2811 2812
2812 2813
2813 2814
2814 2815
2815 2816
2816 2817
2817 2818
2818 2819
2819 2820
2820 2821
2821 2822
2822 2823
2823 2824
2824 2825
2825 2826
2826 2827
2827 2828
2828 2829
2829 2830
2830 2831
2831 2832
2832 2833
2833 2834
2834 2835
2835 2836
2836 2837
2837 2838
2838 2839
2839 2840
2840 2841
2841 2842
2842 2843
2843 2844
2844 2845
2845 2846
2846 2847
2847 2848
2848 2849
2849 2850
2850 2851
2851 2852
2852 2853
2853 2854
2854 2855
2855 2856
2856 2857
2857 2858
2858 2859
2859 2860
2860 2861
2861 2862
2862 2863
2863 2864
2864 2865
2865 2866
2866 2867
2867 2868
2868 2869
2869 2870
2870 2871
2871 2872
2872 2873
2873 2874
2874 2875
2875 2876
2876 2877
2877 2878
2878 2879
2879 2880
2880 2881
2881 2882
2882 2883
2883 2884
2884 2885
2885 2886
2886 2887
2887 2888
2888 2889
2889 2890
2890 2891
2891 2892
2892 2893
2893 2894
2894 2895
2895 2896
2896 2897
2897 2898
2898 2899
2899 2900
2900 2901
2901 2902
2902 2903
2903 2904
2904 2905
2905 2906
2906 2907
2907 2908
2908 2909
2909 2910
2910 2911
2911 2912
2912 2913
2913 2914
2914 2915
2915 2916
2916 2917
2917 2918
2918 2919
2919 2920
2920 2921
2921 2922
2922 2923
2923 2924
2924 2925
2925 2926
2926 2927
2927 2928
2928 2929
2929 2930
2930 2931
2931 2932
2932 2933
2933 2934
2934 2935
2935 2936
2936 2937
2937 2938
2938 2939
2939 2940
2940 2941
2941 2942
2942 2943
2943 2944
2944 2945
2945 2946
2946 2947
2947 2948
2948 2949
2949 2950
2950 2951
2951 2952
2952 2953
2953 2954
2954 2955
2955 2956
2956 2957
2957 2958
2958 2959
2959 2960
2960 2961
2961 2962
2962 2963
2963 2964
2964 2965
2965 2966
2966 2967
2967 2968
2968 2969
2969 2970
2970 2971
2971 2972
2972 2973
2973 2974
2974 2975
2975 2976
2976 2977
2977 2978
2978 2979
2979 2980
2980 2981
2981 2982
2982 2983
2983 2984
2984 2985
2985 2986
2986 2987
2987 2988
2988 2989
2989 2990
2990 2991
2991 2992
2992 2993
2993 2994
2994 2995
2995 2996
2996 2997
2997 2998
2998 2999
2999 3000
3000 3001
3001 3002
3002 3003
3003 3004
3004 3005
3005 3006
3006 3007
3007 3008
3008 3009
3009 3010
3010 3011
3011 3012
3012 3013
3013 3014
3014 3015
3015 3016
3016 3017
3017 3018
3018 3019
3019 3020
3020 3021
3021 3022
3022 3023
3023 3024
3024 3025
3025 3026
3026 3027
3027 3028
3028 3029
3029 3030
3030 3031
3031 3032
3032 3033
3033 3034
3034 3035
3035 3036
3036 3037
3037 3038
3038 3039
3039 3040
3040 3041
3041 3042
3042 3043
3043 3044
3044 3045
3045 3046
3046 3047
3047 3048
3048 3049
3049 3050
3050 3051
3051 3052
3052 3053
3053 3054
3054 3055
3055 3056
3056 3057
3057 3058
3058 3059
3059 3060
3060 3061
3061 3062
3062 3063
3063 3064
3064 3065
3065 3066
3066 3067
3067 3068
3068 3069
3069 3070
3070 3071
3071 3072
3072 3073
3073 3074
3074 3075
3075 3076
3076 3077
3077 3078
3078 3079
3079 3080
3080 3081
3081 3082
3082 3083
3083 3084
3084 3085
3085 3086
3086 3087
3087 3088
3088 3089
3089 3090
3090 3091
3091 3092
3092 3093
3093 3094
3094 3095
3095 3096
3096 3097
3097 3098
3098 3099
3099 3100
3100 3101
3101 3102
3102 3103
3103 3104
3104 3105
3105 3106
3106 3107
3107 3108
3108 3109
3109 3110
3110 3111
3111 3112
3112 3113
3113 3114
3114 3115
3115 3116
3116 3117
3117 3118
3118 3119
3119 3120
3120 3121
3121 3122
3122 3123
3123 3124
3124 3125
3125 3126
3126 3127
3127 3128
3128 3129
3129 3130
3130 3131
3131 3132
3132 3133
3133 3134
3134 3135
3135 3136
3136 3137
3137 3138
3138 3139
3139 3140
3140 3141
3141 3142
3142 3143
3143 3144
3144 3145
3145 3146
3146 3147
3147 3148
3148 3149
3149 3150
3150 3151
3151 3152
3152 3153
3153 3154
3154 3155
3155 3156
3156 3157
3157 3158
3158 3159
3159 3160
3160 3161
3161 3162
3162 3163
3163 3164
3164 3165
3165 3166
3166 3167
3167 3168
3168 3169
3169 3170
3170 3171
3171 3172
3172 3173
3173 3174
3174 3175
3175 3176
3176 3177
3177 3178
3178 3179
3179 3180
3180 3181
3181 3182
3182 3183
3183 3184
3184 3185
3185 3186
3186 3187
3187 3188
3188 3189
3189 3190
3190 3191
3191 3192
3192 3193
3193 3194
3194 3195
3195 3196
3196 3197
3197 3198
3198 3199
3199 3200
3200 3201
3201 3202
3202 3203
3203 3204
3204 3205
3205 3206
3206 3207
3207 3208
3208 3209
3209 3210
3210 3211
3211 3212
3212 3213
3213 3214
3214 3215
3215 3216
3216 3217
3217 3218
3218 3219
3219 3220
3220 3221
3221 3222
3222 3223
3223 3224
3224 3225
3225 3226
3226 3227
3227 3228
3228 3229
3229 3230
3230 3231
3231 3232
3232 3233
3233 3234
3234 3235
3235 3236
3236 3237
3237 3238
3238 3239
3239 3240
3240 3241
3241 3242
3242 3243
3243 3244
3244 3245
3245 3246
3246 3247
3247 3248
3248 3249
3249 3250
3250 3251
3251 3252
3252 3253
3253 3254
3254 3255
3255 3256
3256 3257
3257 3258
3258 3259
3259 3260
3260 3261
3261 3262
3262 3263
3263 3264
3264 3265
3265 3266
3266 3267
3267 3268
3268 3269
3269 3270
3270 3271
3271 3272
3272 3273
3273 3274
3274 3275
3275 3276
3276 3277
3277 3278
3278 3279
3279 3280
3280 3281
3281 3282
3282 3283
3283 3284
3284 3285
3285 3286
3286 3287
3287 3288
3288 3289
3289 3290
3290 3291
3291 3292
3292 3293
3293 3294
3294 3295
3295 3296
3296 3297
3297 3298
3298 3299
3299 3300
3300 3301
3301 3302
3302 3303
3303 3304
3304 3305
3305 3306
3306 3307
3307 3308
3308 3309
3309 3310
3310 3311
3311 3312
3312 3313
3313 3314
3314 3315
3315 3316
3316 3317
3317 3318
3318 3319
3319 3320
3320 3321
3321 3322
3322 3323
3323 3324
3324 3325
3325 3326
3326 3327
3327 3328
3328 3329
3329 3330
3330 3331
3331 3332
3332 3333
3333 3334
3334 3335
3335 3336
3336 3337
3337 3338
3338 3339
3339 3340
3340 3341
3341 3342
3342 3343
3343 3344
3344 3345
3345 3346
3346 3347
3347 3348
3348 3349
3349 3350
3350 3351
3351 3352
3352 3353
3353 3354
3354 3355
3355 3356
3356 3357
3357 3358
3358 3359
3359 3360
3360 3361
3361 3362
3362 3363
3363 3364
3364 3365
3365 3366
3366 3367
3367 3368
3368 3369
3369 3370
3370 3371
3371 3372
3372 3373
3373 3374
3374 3375
3375 3376
3376 3377
3377 3378
3378 3379
3379 3380
3380 3381
3381 3382
3382 3383
3383 3384
3384 3385
3385 3386
3386 3387
3387 3388
3388 3389
3389 3390
3390 3391
3391 3392
3392 3393
3393 3394
3394 3395
3395 3396
3396 3397
3397 3398
3398 3399
3399 3400
3400 3401
3401 3402
3402 3403
3403 3404
3404 3405
3405 3406
3406 3407
3407 3408
3408 3409
3409 3410
3410 3411
3411 3412
3412 3413
3413 3414
3414 3415
3415 3416
3416 3417
3417 3418
3418 3419
3419 3420
3420 3421
3421 3422
3422 3423
3423 3424
3424 3425
3425 3426
3426 3427
3427 3428
3428 3429
3429 3430
3430 3431
3431 3432
3432 3433
3433 3434
3434 3435
3435 3436
3436 3437
3437 3438
3438 3439
3439 3440
3440 3441
3441 3442
3442 3443
3443 3444
3444 3445
3445 3446
3446 3447
3447 3448
3448 3449
3449 3450
3450 3451
3451 3452
3452 3453
3453 3454
3454 3455
3455 3456
3456 3457
3457 3458
3458 3459
3459 3460
3460 3461
3461 3462
3462 3463
3463 3464
3464 3465
3465 3466
3466 3467
3467 3468
3468 3469
3469 3470
3470 3471
3471 3472
3472 3473
3473 3474
3474 3475
3475 3476
3476 3477
3477 3478
3478 3479
3479 3480
3480 3481
3481 3482
3482 3483
3483 3484
3484 3485
3485 3486
3486 3487
3487 3488
3488 3489
3489 3490
3490 3491
3491 3492
3492 3493
3493 3494
3494 3495
3495 3496
3496 3497
3497 3498
3498 3499
3499 3500
3500 3501
3501 3502
3502 3503
3503 3504
3504 3505
3505 3506
3506 3507
3507 3508
3508 3509
3509 3510
3510 3511
3511 3512
3512 3513
3513 3514
3514 3515
3515 3516
3516 3517
3517 3518
3518 3519
3519 3520
3520 3521
3521 3522
3522 3523
3523 3524
3524 3525
3525 3526
3526 3527
3527 3528
3528 3529
3529 3530
3530 3531
3531 3532
3532 3533
3533 3534
3534 3535
3535 3536
3536 3537
3537 3538
3538 3539
3539 3540
3540 3541
3541 3542
3542 3543
3543 3544
3544 3545
3545 3546
3546 3547
3547 3548
3548 3549
3549 3550
3550 3551
3551 3552
3552 3553
3553 3554
3554 3555
3555 3556
3556 3557
3557 3558
3558 3559
3559 3560
3560 3561
3561 3562
3562 3563
3563 3564
3564 3565
3565 3566
3566 3567
3567 3568
3568 3569
3569 3570
3570 3571
3571 3572
3572 3573
3573 3574
3574 3575
3575 3576
3576 3577
3577 3578
3578 3579
3579 3580
3580 3581
3581 3582
3582 3583
3583 3584
3584 3585
3585 3586
3586 3587
3587 3588
3588 3589
3589 3590
3590 3591
3591 3592
3592 3593
3593 3594
3594 3595
3595 3596
3596 3597
3597 3598
3598 3599
3599 3600
3600 3601
3601 3602
3602 3603
3603 3604
3604 3605
3605 3606
3606 3607
3607 3608
3608 3609
3609 3610
3610 3611
3611 3612
3612 3613
3613 3614
3614 3615
3615 3616
3616 3617
3617 3618
3618 3619
3619 3620
3620 3621
3621 3622
3622 3623
3623 3624
3624 3625
3625 3626
3626 3627
3627 3628
3628 3629
3629 3630
3630 3631
3631 3632
3632 3633
3633 3634
3634 3635
3635 3636
3636 3637
3637 3638
3638 3639
3639 3640
3640 3641
3641 3642
3642 3643
3643 3644
3644 3645
3645 3646
3646 3647
3647 3648
3648 3649
3649 3650
3650 3651
3651 3652
3652 3653
3653 3654
3654 3655
3655 3656
3656 3657
3657 3658
3658 3659
3659 3660
3660 3661
3661 3662
3662 3663
3663 3664
3664 3665
3665 3666
3666 3667
3667 3668
3668 3669
3669 3670
3670 3671
3671 3672
3672 3673
3673 3674
3674 3675
3675 3676
3676 3677
3677 3678
3678 3679
3679 3680
3680 3681
3681 3682
3682 3683
3683 3684
3684 3685
3685 3686
3686 3687
3687 3688
3688 3689
3689 3690
3690 3691
3691 3692
3692 3693
3693 3694
3694 3695
3695 3696
3696 3697
3697 3698
3698 3699
3699 3700
3700 3701
3701 3702
3702 3703
3703 3704
3704 3705
3705 3706
3706 3707
3707 3708
3708 3709
3709 3710
3710 3711
3711 3712
3712 3713
3713 3714
3714 3715
3715 3716
3716 3717
3717 3718
3718 3719
3719 3720
3720 3721
3721 3722
3722 3723
3723 3724
3724 3725
3725 3726
3726 3727
3727 3728
3728 3729
3729 3730
3730 3731
3731 3732
3732 3733
3733 3734
3734 3735
3735 3736
3736 3737
3737 3738
3738 3739
3739 3740
3740 3741
3741 3742
3742 3743
3743 3744
3744 3745
3745 3746
3746 3747
3747 3748
3748 3749
3749 3750
3750 3751
3751 3752
3752 3753
3753 3754
3754 3755
3755 3756
3756 3757
3757 3758
3758 3759
3759 3760
3760 3761
3761 3762
3762 3763
3763 3764
3764 3765
3765 3766
3766 3767
3767 3768
3768 3769
3769 3770
3770 3771
3771 3772
3772 3773
3773 3774
3774 3775
3775 3776
3776 3777
3777 3778
3778 3779
3779 3780
3780 3781
3781 3782
3782 3783
3783 3784
3784 3785
3785 3786
3786 3787
3787 3788
3788 3789
3789 3790
3790 3791
3791 3792
3792 3793
3793 3794
3794 3795
3795 3796
3796 3797
3797 3798
3798 3799
3799 3800
3800 3801
3801 3802
3802 3803
3803 3804
3804 3805
3805 3806
3806 3807
3807 3808
3808 3809
3809 3810
3810 3811
3811 3812
3812 3813
3813 3814
3814 3815
3815 3816
3816 3817
3817 3818
3818 3819
3819 3820
3820 3821
3821 3822
3822 3823
3823 3824
3824 3825
3825 3826
3826 3827
3827 3828
3828 3829
3829 3830
3830 3831
3831 3832
3832 3833
3833 3834
3834 3835
3835 3836
3836 3837
3837 3838
3838 3839
3839 3840
3840 3841
3841 3842
3842 3843
3843 3844
3844 3845
3845 3846
3846 3847
3847 3848
3848 3849
3849 3850
3850 3851
3851 3852
3852 3853
3853 3854
3854 3855
3855 3856
3856 3857
3857 3858
3858 3859
3859 3860
3860 3861
3861 3862
3862 3863
3863 3864
3864 3865
3865 3866
3866 3867
3867 3868
3868 3869
3869 3870
3870 3871
3871 3872
3872 3873
3873 3874
3874 3875
3875 3876
3876 3877
3877 3878
3878 3879
3879 3880
3880 3881
3881 3882
3882 3883
3883 3884
3884 3885
3885 3886
3886 3887
3887 3888
3888 3889
3889 3890
3890 3891
3891 3892
3892 3893
3893 3894
3894 3895
3895 3896
3896 3897
3897 3898
3898 3899
3899 3900
3900 3901
3901 3902
3902 3903
3903 3904
3904 3905
3905 3906
3906 3907
3907 3908
3908 3909
3909 3910
3910 3911
3911 3912
3912 3913
3913 3914
3914 3915
3915 3916
3916 3917
3917 3918
3918 3919
3919 3920
3920 3921
3921 3922
3922 3923
3923 3924
3924 3925
3925 3926
3926 3927
3927 3928
3928 3929
3929 3930
3930 3931
3931 3932
3932 3933
3933 3934
3934 3935
3935 3936
3936 3937
3937 3938
3938 3939
3939 3940
3940 3941
3941 3942
3942 3943
3943 3944
3944 3945
3945 3946
3946 3947
3947 3948
3948 3949
3949 3950
3950 3951
3951 3952
3952 3953
3953 3954
3954 3955
3955 3956
3956 3957
3957 3958
3958 3959
3959 3960
3960 3961
3961 3962
3962 3963
3963 3964
3964 3965
3965 3966
3966 3967
3967 3968
3968 3969
3969 3970
3970 3971
3971 3972
3972 3973
3973 3974
3974 3975
3975 3976
3976 3977
3977 3978
3978 3979
3979 3980
3980 3981
3981 3982
3982 3983
3983 3984
3984 3985
3985 3986
3986 3987
3987 3988
3988 3989
3989 3990
3990 3991
3991 3992
3992 3993
3993 3994
3994 3995
3995 3996
3996 3997
3997 3998
3998 3999
3999 4000
4000 4001
4001 4002
4002 4003
4003 4004
4004 4005
4005 4006
4006 4007
4007 4008
4008 4009
4009 4010
4010 4011
4011 4012
4012 4013
4013 4014
4014 4015
4015 4016
4016 4017
4017 4018
4018 4019
4019 4020
4020 4021
4021 4022
4022 4023
4023 4024
4024 4025
4025 4026
4026 4027
4027 4028
4028 4029
4029 4030
4030 4031
4031 4032
4032 4033
4033 4034
4034 4035
4035 4036
4036 4037
4037 4038
4038 4039
4039 4040
4040 4041
4041 4042
4042 4043
4043 4044
4044 4045
4045 4046
4046 4047
4047 4048
4048 4049
4049 4050
4050 4051
4051 4052
4052 4053
4053 4054
4054 4055
4055 4056
4056 4057
4057 4058
4058 4059
4059 4060
4060 4061
4061 4062
4062 4063
4063 4064
4064 4065
4065 4066
4066 4067
4067 4068
4068 4069
4069 4070
4070 4071
4071 4072
4072 4073
4073 4074
4074 4075
4075 4076
4076 4077
4077 4078
4078 4079
4079 4080
4080 4081
4081 4082
4082 4083
4083 4084
4084 4085
4085 4086
4086 4087
4087 4088
4088 4089
4089 4090
4090 4091
4091 4092
4092 4093
4093 4094
4094 4095
4095 4096
4096 4097
4097 4098
4098 4099
4099 4100
4100 4101
4101 4102
4102 4103
4103 4104
4104 4105
4105 4106
4106 4107
4107 4108
4108 4109
4109 4110
4110 4111
4111 4112
4112 4113
4113 4114
4114 4115
4115 4116
4116 4117
4117 4118
4118 4119
4119 4120
4120 4121
4121 4122
4122 4123
4123 4124
4124 4125
4125 4126
4126 4127
4127 4128
4128 4129
4129 4130
4130 4131
4131 4132
4132 4133
4133 4134
4134 4135
4135 4136
4136 4137
4137 4138
4138 4139
4139 4140
4140 4141
4141 4142
4142 4143
4143 4144
4144 4145
4145 4146
4146 4147
4147 4148
4148 4149
4149 4150
4150 4151
4151 4152
4152 4153
4153 4154
4154 4155
4155 4156
4156 4157
4157 4158
4158 4159
4159 4160
4160 4161
4161 4162
4162 4163
4163 4164
4164 4165
4165 4166
4166 4167
4167 4168
4168 4169
4169 4170
4170 4171
4171 4172
4172 4173
4173 4174
4174 4175
4175 4176
4176 4177
4177 4178
4178 4179
4179 4180
4180 4181
4181 4182
4182 4183
4183 4184
4184 4185
4185 4186
4186 4187
4187 4188
4188 4189
4189 4190
4190 4191
4191 4192
4192 4193
4193 4194
4194 4195
4195 4196
4196 4197
4197 4198
4198 4199
4199 4200
4200 4201
4201 4202
4202 4203
4203 4204
4204 4205
4205 4206
4206 4207
4207 4208
4208 4209
4209 4210
4210 4211
4211 4212
4212 4213
4213 4214
4214 4215
4215 4216
4216 4217
4217 4218
4218 4219
4219 4220
4220 4221
4221 4222
4222 4223
4223 4224
4224 4225
4225 4226
4226 4227
4227 4228
4228 4229
4229 4230
4230 4231
4231 4232
4232 4233
4233 4234
4234 4235
4235 4236
4236 4237
4237 4238
4238 4239
4239 4240
4240 4241
4241 4242
4242 4243
4243 4244
4244 4245
4245 4246
4246 4247
4247 4248
4248 4249
4249 4250
4250 4251
4251 4252
4252 4253
4253 4254
4254 4255
4255 4256
4256 4257
4257 4258
4258 4259
4259 4260
4260 4261
4261 4262
4262 4263
4263 4264
4264 4265
4265 4266
4266 4267
4267 4268
4268 4269
4269 4270
4270 4271
4271 4272
4272 4273
4273 4274
4274 4275
4275 4276
4276 4277
4277 4278
4278 4279
4279 4280
4280 4281
4281 4282
4282 4283
4283 4284
4284 4285
4285 4286
4286 4287
4287 4288
4288 4289
4289 4290
4290 4291
4291 4292
4292 4293
4293 4294
4294 4295
4295 4296
4296 4297
4297 4298
4298 4299
4299 4300
4300 4301
4301 4302
4302 4303
4303 4304
4304 4305
4305 4306
4306 4307
4307 4308
4308 4309
4309 4310
4310 4311
4311 4312
4312 4313
4313 4314
4314 4315
4315 4316
4316 4317
4317 4318
4318 4319
4319 4320
4320 4321
4321 4322
4322 4323
4323 4324
4324 4325
4325 4326
4326 4327
4327 4328
4328 4329
4329 4330
4330 4331
4331 4332
4332 4333
4333 4334
4334 4335
4335 4336
4336 4337
4337 4338
4338 4339
4339 4340
4340 4341
4341 4342
4342 4343
4343 4344
4344 4345
4345 4346
4346 4347
4347 4348
4348 4349
4349 4350
4350 4351
4351 4352
4352 4353
4353 4354
4354 4355
4355 4356
4356 4357
4357 4358
4358 4359
4359 4360
4360 4361
4361 4362
4362 4363
4363 4364
4364 4365
4365 4366
4366 4367
4367 4368
4368 4369
4369 4370
4370 4371
4371 4372
4372 4373
4373 4374
4374 4375
4375 4376
4376 4377
4377 4378
4378 4379
4379 4380
4380 4381
4381 4382
4382 4383
4383 4384
4384 4385
4385 4386
4386 4387
4387 4388
4388 4389
4389 4390
4390 4391
4391 4392
4392 4393
4393 4394
4394 4395
4395 4396
4396 4397
4397 4398
4398 4399
4399 4400
4400 4401
4401 4402
4402 4403
4403 4404
4404 4405
4405 4406
4406 4407
4407 4408
4408 4409
4409 4410
4410 4411
4411 4412
4412 4413
4413 4414
4414 4415
4415 4416
4416 4417
4417 4418
4418 4419
4419 4420
4420 4421
4421 4422
4422 4423
4423 4424
4424 4425
4425 4426
4426 4427
4427 4428
4428 4429
4429 4430
4430 4431
4431 4432
4432 4433
4433 4434
4434 4435
4435 4436
4436 4437
4437 4438
4438 4439
4439 4440
4440 4441
4441 4442
4442 4443
4443 4444
4444 4445
4445 4446
4446 4447
4447 4448
4448 4449
4449 4450
4450 4451
4451 4452
4452 4453
4453 4454
4454 4455
4455 4456
4456 4457
4457 4458
4458 4459
4459 4460
4460 4461
4461 4462
4462 4463
4463 4464
4464 4465
4465 4466
4466 4467
4467 4468
4468 4469
4469 4470
4470 4471
4471 4472
4472 4473
4473 4474
4474 4475
4475 4476
4476 4477
4477 4478
4478 4479
4479 4480
4480 4481
4481 4482
4482 4483
4483 4484
4484 4485
4485 4486
4486 4487
4487 4488
4488 4489
4489 4490
4490 4491
4491 4492
4492 4493
4493 4494
4494 4495
4495 4496
4496 4497
4497 4498
4498 4499
4499 4500
4500 4501
4501 4502
4502 4503
4503 4504
4504 4505
4505 4506
4506 4507
4507 4508
4508 4509
4509 4510
4510 4511
4511 4512
4512 4513
4513 4514
4514 4515
4515 4516
4516 4517
4517 4518
4518 4519
4519 4520
4520 4521
4521 4522
4522 4523
4523 4524
4524 4525
4525 4526
4526 4527
4527 4528
4528 4529
4529 4530
4530 4531
4531 4532
4532 4533
4533 4534
4534 4535
4535 4536
4536 4537
4537 4538
4538 4539
4539 4540
4540 4541
4541 4542
4542 4543
4543 4544
4544 4545
4545 4546
4546 4547
4547 4548
4548 4549
4549 4550
4550 4551
4551 4552
4552 4553
4553 4554
4554 4555
4555 4556
4556 4557
4557 4558
4558 4559
4559 4560
4560 4561
4561 4562
4562 4563
4563 4564
4564 4565
4565 4566
4566 4567
4567 4568
4568 4569
4569 4570
4570 4571
4571 4572
4572 4573
4573 4574
4574 4575
4575 4576
4576 4577
4577 4578
4578 4579
4579 4580
4580 4581
4581 4582
4582 4583
4583 4584
4584 4585
4585 4586
4586 4587
4587 4588
4588 4589
4589 4590
4590 4591
4591 4592
4592 4593
4593 4594
4594 4595
4595 4596
4596 4597
4597 4598
4598 4599
4599 4600
4600 4601
4601 4602
4602 4603
4603 4604
4604 4605
4605 4606
4606 4607
4607 4608
4608 4609
4609 4610
4610 4611
4611 4612
4612 4613
4613 4614
4614 4615
4615 4616
4616 4617
4617 4618
4618 4619
4619 4620
4620 4621
4621 4622
4622 4623
4623 4624
4624 4625
4625 4626
4626 4627
4627 4628
4628 4629
4629 4630
4630 4631
4631 4632
4632 4633
4633 4634
4634 4635
4635 4636
4636 4637
4637 4638
4638 4639
4639 4640
4640 4641
4641 4642
4642 4643
4643 4644
4644 4645
4645 4646
4646 4647
4647 4648
4648 4649
4649 4650
4650 4651
4651 4652
4652 4653
4653 4654
4654 4655
4655 4656
4656 4657
4657 4658
4658 4659
4659 4660
4660 4661
4661 4662
4662 4663
4663 4664
4664 4665
4665 4666
4666 4667
4667 4668
4668 4669
4669 4670
4670 4671
4671 4672
4672 4673
4673 4674
4674 4675
4675 4676
4676 4677
4677 4678
4678 4679
4679 4680
4680 4681
4681 4682
4682 4683
4683 4684
4684 4685
4685 4686
4686 4687
4687 4688
4688 4689
4689 4690
4690 4691
4691 4692
4692 4693
4693 4694
4694 4695
4695 4696
4696 4697
4697 4698
4698 4699
4699 4700
4700 4701
4701 4702
4702 4703
4703 4704
4704 4705
4705 4706
4706 4707
4707 4708
4708 4709
4709 4710
4710 4711
4711 4712
4712 4713
4713 4714
4714 4715
4715 4716
4716 4717
4717 4718
4718 4719
4719 4720
4720 4721
4721 4722
4722 4723
4723 4724
4724 4725
4725 4726
4726 4727
4727 4728
4728 4729
4729 4730
4730 4731
4731 4732
4732 4733
4733 4734
4734 4735
4735 4736
4736 4737
4737 4738
4738 4739
4739 4740
4740 4741
4741 4742
4742 4743
4743 4744
4744 4745
4745 4746
4746 4747
4747 4748
4748 4749
4749 4750
4750 4751
4751 4752
4752 4753
4753 4754
4754 4755
4755 4756
4756 4757
4757 4758
4758 4759
4759 4760
4760 4761
4761 4762
4762 4763
4763 4764
4764 4765
4765 4766
4766 4767
4767 4768
4768 4769
4769 4770
4770 4771
4771 4772
4772 4773
4773 4774
4774 4775
4775 4776
4776 4777
4777 4778
4778 4779
4779 4780
4780 4781
4781 4782
4782 4783
4783 4784
4784 4785
4785 4786
4786 4787
4787 4788
4788 4789
4789 4790
4790 4791
4791 4792
4792 4793
4793 4794
4794 4795
4795 4796
4796 4797
4797 4798
4798 4799
4799 4800
4800 4801
4801 4802
4802 4803
4803 4804
4804 4805
4805 4806
4806 4807
4807 4808
4808 4809
4809 4810
4810 4811
4811 4812
4812 4813
4813 4814
4814 4815
4815 4816
4816 4817
4817 4818
4818 4819
4819 4820
4820 4821
4821 4822
4822 4823
4823 4824
4824 4825
4825 4826
4826 4827
4827 4828
4828 4829
4829 4830
4830 4831
4831 4832
4832 4833
4833 4834
4834 4835
4835 4836
4836 4837
4837 4838
4838 4839
4839 4840
4840 4841
4841 4842
4842 4843
4843 4844
4844 4845
4845 4846
4846 4847
4847 4848
4848 4849
4849 4850
4850 4851
4851 4852
4852 4853
4853 4854
4854 4855
4855 4856
4856 4857
4857 4858
4858 4859
4859 4860
4860 4861
4861 4862
4862 4863
4863 4864
4864 4865
4865 4866
4866 4867
4867 4868
4868 4869
4869 4870
4870 4871
4871 4872
4872 4873
4873 4874
4874 4875
4875 4876
4876 4877
4877 4878
4878 4879
4879 4880
4880 4881
4881 4882
4882 4883
4883 4884
4884 4885
4885 4886
4886 4887
4887 4888
4888 4889
4889 4890
4890 4891
4891 4892
4892 4893
4893 4894
4894 4895
4895 4896
4896 4897
4897 4898
4898 4899
4899 4900
4900 4901
4901 4902
4902 4903
4903 4904
4904 4905
4905 4906
4906 4907
4907 4908
4908 4909
4909 4910
4910 4911
4911 4912
4912 4913
4913 4914
4914 4915
4915 4916
4916 4917
4917 4918
4918 4919
4919 4920
4920 4921
4921 4922
4922 4923
4923 4924
4924 4925
4925 4926
4926 4927
4927 4928
4928 4929
4929 4930
4930 4931
4931 4932
4932 4933
4933 4934
4934 4935
4935 4936
4936 4937
4937 4938
4938 4939
4939 4940
4940 4941
4941 4942
4942 4943
4943 4944
4944 4945
4945 4946
4946 4947
4947 4948
4948 4949
4949 4950
4950 4951
4951 4952
4952 4953
4953 4954
4954 4955
4955 4956
4956 4957
4957 4958
4958 4959
4959 4960
4960 4961
4961 4962
4962 4963
4963 4964
4964 4965
4965 4966
4966 4967
4967 4968
4968 4969
4969 4970
4970 4971
4971 4972
4972 4973
4973 4974
4974 4975
4975 4976
4976 4977
4977 4978
4978 4979
4979 4980
4980 4981
4981 4982
4982 4983
4983 4984
4984 4985
4985 4986
4986 4987
4987 4988
4988 4989
4989 4990
4990 4991
4991 4992
4992 4993
4993 4994
4994 4995
4995 4996
4996 4997
4997 4998
4998 4999
4999 5000
2694 5001
4265 5002
3403 5003
4389 5004
4991 5005
462 5006
2488 5007
2649 5008
623 5009
1274 5010
636 5011
1049 5012
496 5013
1770 5014
3867 5015
4603 5016
3347 5017
1333 5018
2655 5019
879 5020
1945 5021
4905 5022
1579 5023
459 5024
2526 5025
4088 5026
657 5027
3327 5028
4079 5029
3700 5030
4952 5031
2862 5032
4406 5033
2289 5034
1937 5035
4199 5036
1355 5037
3546 5038
913 5039
4154 5040
453 5041
3191 5042
3595 5043
2887 5044
3481 5045
4333 5046
4975 5047
547 5048
3242 5049
2590 5050
4206 5051
708 5052
4426 5053
1731 5054
791 5055
4536 5056
3672 5057
1656 5058
1255 5059
2937 5060
3291 5061
1719 5062
2196 5063
2259 5064
2726 5065
2991 5066
4923 5067
4257 5068
4364 5069
1661 5070
4251 5071
1341 5072
805 5073
1819 5074
954 5075
3455 5076
2258 5077
1425 5078
1782 5079
4743 5080
1078 5081
4706 5082
4230 5083
4206 5084
157 5085
1489 5086
1474 5087
1802 5088
1377 5089
1075 5090
464 5091
817 5092
4307 5093
3407 5094
3513 5095
1433 5096
2439 5097
211 5098
1267 5099
1668 5100
1523 5101
4416 5102
264 5103
4121 5104
761 5105
2041 5106
3495 5107
825 5108
4642 5109
3327 5110
569 5111
1632 5112
1726 5113
2329 5114
3047 5115
1997 5116
2154 5117
2786 5118
995 5119
3883 5120
657 5121
3348 5122
4636 5123
3872 5124
1838 5125
1660 5126
1709 5127
150 5128
736 5129
3333 5130
3240 5131
1112 5132
1895 5133
1650 5134
391 5135
832 5136
4574 5137
2046 5138
2603 5139
3503 5140
1706 5141
2246 5142
673 5143
236 5144
1930 5145
2346 5146
4346 5147
3440 5148
2224 5149
1159 5150
3169 5151
289 5152
7 5153
1088 5154
2954 5155
510 5156
1084 5157
2999 5158
1042 5159
3298 5160
1682 5161
2822 5162
3714 5163
2701 5164
4497 5165
131 5166
823 5167
1624 5168
3911 5169
2804 5170
263 5171
4799 5172
2777 5173
86 5174
2340 5175
3539 5176
3611 5177
493 5178
181 5179
4937 5180
2663 5181
4607 5182
1030 5183
2349 5184
3723 5185
1921 5186
1900 5187
3411 5188
1038 5189
4175 5190
518 5191
2583 5192
1748 5193
4149 5194
2857 5195
283 5196
440 5197
788 5198
3666 5199
2841 5200
4537 5201
1898 5202
753 5203
1226 5204
1512 5205
680 5206
2268 5207
807 5208
3329 5209
282 5210
4369 5211
1086 5212
2328 5213
2522 5214
1289 5215
4815 5216
4582 5217
1782 5218
1857 5219
686 5220
3948 5221
3868 5222
595 5223
3132 5224
2583 5225
1635 5226
1973 5227
1978 5228
1325 5229
1475 5230
775 5231
2109 5232
2935 5233
1384 5234
1722 5235
3032 5236
1519 5237
4251 5238
4136 5239
4190 5240
4515 5241
4074 5242
1863 5243
760 5244
3867 5245
3457 5246
2642 5247
2022 5248
2232 5249
456 5250
505 5251
2489 5252
3621 5253
4382 5254
2640 5255
1888 5256
475 5257
143 5258
1894 5259
4641 5260
2543 5261
2515 5262
454 5263
475 5264
4687 5265
4935 5266
1419 5267
4737 5268
733 5269
1255 5270
840 5271
3730 5272
3010 5273
1468 5274
3213 5275
1030 5276
4879 5277
3962 5278
3537 5279
3964 5280
960 5281
4966 5282
588 5283
4938 5284
3818 5285
3790 5286
540 5287
1452 5288
815 5289
2313 5290
4588 5291
3865 5292
2743 5293
2849 5294
2455 5295
3570 5296
17 5297
1766 5298
387 5299
4597 5300
347 5301
3541 5302
1723 5303
4585 5304
2598 5305
3680 5306
4037 5307
1010 5308
61 5309
1448 5310
2798 5311
2447 5312
2463 5313
3952 5314
3219 5315
658 5316
3163 5317
3252 5318
1865 5319
4544 5320
1940 5321
4633 5322
2087 5323
1746 5324
1597 5325
3887 5326
3514 5327
2683 5328
2094 5329
1637 5330
4769 5331
4603 5332
4808 5333
420 5334
2579 5335
1499 5336
1166 5337
4702 5338
2246 5339
3010 5340
4596 5341
784 5342
1769 5343
2168 5344
308 5345
3294 5346
108 5347
1009 5348
2463 5349
1926 5350
1166 5351
3468 5352
1825 5353
4136 5354
1487 5355
4116 5356
4800 5357
4500 5358
1816 5359
918 5360
422 5361
4852 5362
1311 5363
2716 5364
125 5365
364 5366
3951 5367
4874 5368
1242 5369
4071 5370
2424 5371
1384 5372
1925 5373
1540 5374
1010 5375
2943 5376
3776 5377
489 5378
3032 5379
3855 5380
2390 5381
366 5382
1675 5383
3415 5384
855 5385
2861 5386
1020 5387
7 5388
1841 5389
1648 5390
1991 5391
4803 5392
2984 5393
2796 5394
4588 5395
3936 5396
561 5397
1005 5398
63 5399
4693 5400
531 5401
2403 5402
914 5403
914 5404
4816 5405
4675 5406
1994 5407
2475 5408
715 5409
808 5410
1599 5411
259 5412
801 5413
1587 5414
1376 5415
4699 5416
3517 5417
2233 5418
3983 5419
1026 5420
463 5421
828 5422
3424 5423
449 5424
4101 5425
2397 5426
4240 5427
1463 5428
1405 5429
208 5430
1587 5431
1059 5432
1377 5433
856 5434
2430 5435
1192 5436
3756 5437
845 5438
943 5439
3054 5440
4684 5441
67 5442
482 5443
3862 5444
4880 5445
4461 5446
4165 5447
2750 5448
2244 5449
3146 5450
3734 5451
4214 5452
4435 5453
623 5454
3644 5455
1322 5456
2732 5457
1125 5458
3275 5459
2769 5460
3432 5461
4460 5462
3947 5463
4733 5464
763 5465
1136 5466
2283 5467
12 5468
793 5469
3171 5470
530 5471
2086 5472
1115 5473
2931 5474
3255 5475
3200 5476
2834 5477
3629 5478
3690 5479
2585 5480
1339 5481
882 5482
4235 5483
3115 5484
1316 5485
4849 5486
465 5487
4308 5488
3550 5489
2534 5490
4765 5491
4062 5492
1747 5493
4946 5494
1248 5495
3291 5496
850 5497
1026 5498
849 5499
3901 5500
3464 5501
628 5502
2644 5503
2636 5504
82 5505
1303 5506
3024 5507
3849 5508
1128 5509
122 5510
48 5511
4876 5512
3052 5513
2961 5514
44 5515
2777 5516
4155 5517
1483 5518
2616 5519
2576 5520
2563 5521
2951 5522
2382 5523
4749 5524
4710 5525
312 5526
1808 5527
2197 5528
2901 5529
1087 5530
1336 5531
3658 5532
3633 5533
192 5534
3387 5535
1816 5536
1830 5537
935 5538
1259 5539
657 5540
2250 5541
4133 5542
4781 5543
2646 5544
3196 5545
2981 5546
787 5547
4216 5548
4792 5549
3196 5550
274 5551
3254 5552
954 5553
2017 5554
4862 5555
1815 5556
1704 5557
2832 5558
932 5559
2570 5560
3357 5561
2957 5562
4785 5563
1052 5564
3115 5565
232 5566
2545 5567
162 5568
3482 5569
3124 5570
1730 5571
3904 5572
4710 5573
3316 5574
1418 5575
1273 5576
1069 5577
624 5578
4454 5579
2719 5580
3858 5581
4588 5582
3902 5583
286 5584
2315 5585
450 5586
4309 5587
4908 5588
2602 5589
10 5590
4837 5591
1811 5592
1066 5593
1054 5594
3370 5595
2123 5596
3055 5597
1043 5598
4653 5599
3330 5600
1795 5601
245 5602
1572 5603
3141 5604
815 5605
4490 5606
2168 5607
4555 5608
71 5609
577 5610
1335 5611
2311 5612
241 5613
4420 5614
1571 5615
4967 5616
2111 5617
3980 5618
123 5619
2948 5620
4371 5621
3509 5622
4489 5623
1281 5624
4515 5625
3642 5626
3796 5627
1110 5628
621 5629
385 5630
694 5631
1559 5632
1476 5633
4682 5634
753 5635
4425 5636
3355 5637
1396 5638
1221 5639
2573 5640
3241 5641
1377 5642
85 5643
217 5644
1086 5645
3379 5646
1643 5647
2018 5648
3214 5649
4951 5650
2841 5651
1358 5652
1164 5653
1385 5654
2306 5655
1386 5656
4064 5657
1224 5658
3367 5659
1527 5660
700 5661
2411 5662
2566 5663
2442 5664
4099 5665
4900 5666
4841 5667
4780 5668
1683 5669
2476 5670
1987 5671
4367 5672
1564 5673
1567 5674
4424 5675
1235 5676
97 5677
4617 5678
3389 5679
207 5680
903 5681
2945 5682
2525 5683
4300 5684
1996 5685
4694 5686
2686 5687
958 5688
250 5689
3688 5690
2756 5691
3388 5692
2508 5693
3200 5694
220 5695
4763 5696
880 5697
2673 5698
1699 5699
2734 5700
3406 5701
328 5702
1552 5703
257 5704
128 5705
771 5706
904 5707
61 5708
1466 5709
447 5710
3601 5711
4494 5712
2867 5713
4164 5714
3145 5715
1900 5716
836 5717
884 5718
943 5719
2879 5720
1017 5721
3162 5722
2161 5723
2142 5724
3518 5725
4064 5726
3984 5727
1354 5728
2676 5729
324 5730
329 5731
550 5732
4389 5733
2251 5734
4526 5735
3986 5736
1428 5737
4694 5738
2213 5739
1201 5740
943 5741
2340 5742
2215 5743
1655 5744
3665 5745
2048 5746
427 5747
1327 5748
980 5749
3796 5750
4371 5751
1219 5752
3412 5753
2855 5754
2920 5755
813 5756
2226 5757
4939 5758
1706 5759
2934 5760
519 5761
3482 5762
4258 5763
4230 5764
2055 5765
4698 5766
892 5767
4419 5768
3136 5769
1814 5770
2799 5771
2893 5772
2539 5773
4232 5774
3919 5775
3585 5776
2498 5777
1651 5778
1237 5779
181 5780
675 5781
3038 5782
20 5783
4100 5784
196 5785
4286 5786
4199 5787
89 5788
3151 5789
458 5790
4378 5791
3113 5792
80 5793
557 5794
383 5795
1812 5796
2085 5797
1591 5798
922 5799
2237 5800
4797 5801
3389 5802
1014 5803
4346 5804
748 5805
4219 5806
4849 5807
70 5808
1510 5809
271 5810
269 5811
3101 5812
3033 5813
1304 5814
313 5815
832 5816
465 5817
1751 5818
2464 5819
466 5820
4070 5821
2180 5822
3280 5823
81 5824
4440 5825
3804 5826
3966 5827
4001 5828
1182 5829
1009 5830
3567 5831
1542 5832
595 5833
2291 5834
2506 5835
1272 5836
4394 5837
2326 5838
357 5839
476 5840
4716 5841
2356 5842
53 5843
697 5844
1120 5845
4292 5846
730 5847
4775 5848
4026 5849
3395 5850
314 5851
639 5852
1550 5853
1362 5854
604 5855
2151 5856
3551 5857
3255 5858
4800 5859
1309 5860
2075 5861
2425 5862
4229 5863
3254 5864
2121 5865
4167 5866
755 5867
3119 5868
559 5869
3272 5870
2243 5871
2596 5872
3005 5873
1288 5874
3180 5875
2847 5876
4557 5877
4089 5878
2127 5879
2179 5880
4255 5881
2368 5882
2644 5883
3041 5884
3184 5885
3418 5886
526 5887
3291 5888
2003 5889
2255 5890
3277 5891
2447 5892
2980 5893
3310 5894
291 5895
1719 5896
3912 5897
209 5898
2610 5899
839 5900
2344 5901
3170 5902
4291 5903
3270 5904
2976 5905
4837 5906
2841 5907
2632 5908
3995 5909
2480 5910
2880 5911
4947 5912
241 5913
673 5914
4952 5915
2144 5916
2588 5917
3463 5918
903 5919
4285 5920
103 5921
2459 5922
926 5923
401 5924
1976 5925
2528 5926
585 5927
863 5928
1304 5929
4921 5930
4981 5931
4119 5932
1112 5933
1130 5934
1734 5935
529 5936
2566 5937
1314 5938
598 5939
4636 5940
2800 5941
3176 5942
2813 5943
1798 5944
712 5945
3083 5946
3333 5947
2852 5948
4401 5949
766 5950
4341 5951
1572 5952
4489 5953
1068 5954
1033 5955
1889 5956
1559 5957
3103 5958
3159 5959
1967 5960
3647 5961
3888 5962
381 5963
1384 5964
2012 5965
2122 5966
1250 5967
3687 5968
2654 5969
4576 5970
306 5971
2714 5972
4204 5973
1281 5974
430 5975
4341 5976
4035 5977
456 5978
1715 5979
2109 5980
3751 5981
2065 5982
4361 5983
3946 5984
1978 5985
3592 5986
3023 5987
1832 5988
4091 5989
3292 5990
278 5991
1967 5992
3328 5993
2701 5994
3619 5995
330 5996
3455 5997
3578 5998
3736 5999
1014 6000
3225 6001
4022 6002
3653 6003
1692 6004
1392 6005
4899 6006
1219 6007
4304 6008
451 6009
887 6010
1322 6011
594 6012
2864 6013
2719 6014
2004 6015
317 6016
1257 6017
1089 6018
1385 6019
2726 6020
1882 6021
4974 6022
2884 6023
4615 6024
3977 6025
3032 6026
3405 6027
4085 6028
407 6029
4856 6030
4841 6031
2063 6032
2206 6033
132 6034
695 6035
2360 6036
1340 6037
759 6038
2653 6039
3535 6040
3143 6041
4625 6042
2282 6043
4956 6044
3913 6045
1088 6046
4220 6047
1950 6048
3958 6049
695 6050
1206 6051
4731 6052
1572 6053
262 6054
1674 6055
4855 6056
563 6057
4866 6058
2981 6059
585 6060
556 6061
2246 6062
1123 6063
2578 6064
4398 6065
1162 6066
4320 6067
319 6068
4815 6069
3052 6070
3114 6071
3465 6072
2168 6073
4156 6074
2019 6075
579 6076
2869 6077
1389 6078
2715 6079
2996 6080
819 6081
4552 6082
3173 6083
46 6084
2522 6085
2658 6086
3793 6087
3910 6088
461 6089
1498 6090
1186 6091
965 6092
919 6093
1196 6094
3360 6095
118 6096
4241 6097
3681 6098
1945 6099
1601 6100
3074 6101
2362 6102
739 6103
3951 6104
2222 6105
283 6106
3022 6107
4887 6108
25 6109
3069 6110
2336 6111
4961 6112
518 6113
1422 6114
272 6115
4073 6116
1187 6117
2596 6118
599 6119
4198 6120
1224 6121
1232 6122
228 6123
635 6124
4000 6125
152 6126
4311 6127
133 6128
4118 6129
336 6130
2656 6131
1510 6132
1700 6133
1738 6134
113 6135
4434 6136
944 6137
2115 6138
3913 6139
3504 6140
2864 6141
4736 6142
986 6143
3 6144
3071 6145
2304 6146
1086 6147
4250 6148
3976 6149
2972 6150
2133 6151
4949 6152
43 6153
1221 6154
1842 6155
3201 6156
3326 6157
2884 6158
415 6159
3189 6160
2750 6161
4320 6162
70 6163
1318 6164
1230 6165
3387 6166
2266 6167
1704 6168
2310 6169
2078 6170
613 6171
1326 6172
960 6173
4694 6174
1947 6175
4331 6176
4207 6177
4815 6178
4799 6179
1218 6180
1625 6181
3072 6182
420 6183
1051 6184
3215 6185
4159 6186
3902 6187
1544 6188
1218 6189
3927 6190
2866 6191
4975 6192
1800 6193
1599 6194
1172 6195
1568 6196
4295 6197
4213 6198
2448 6199
441 6200
3241 6201
907 6202
2411 6203
1448 6204
4377 6205
2640 6206
3250 6207
4809 6208
3758 6209
4346 6210
3426 6211
2657 6212
2589 6213
4650 6214
1699 6215
1978 6216
2747 6217
1057 6218
4343 6219
47 6220
3251 6221
1978 6222
1535 6223
2995 6224
4805 6225
4223 6226
3008 6227
1541 6228
1248 6229
281 6230
2889 6231
3215 6232
297 6233
4346 6234
3657 6235
4007 6236
4204 6237
3501 6238
2143 6239
3957 6240
1731 6241
4065 6242
1817 6243
1678 6244
1885 6245
850 6246
1425 6247
2321 6248
4752 6249
3464 6250
1701 6251
1832 6252
1562 6253
2124 6254
3278 6255
3713 6256
476 6257
2552 6258
460 6259
1485 6260
1233 6261
2350 6262
2271 6263
4408 6264
1909 6265
1988 6266
1536 6267
2339 6268
321 6269
3598 6270
4554 6271
575 6272
2774 6273
988 6274
2651 6275
667 6276
552 6277
2278 6278
3736 6279
2327 6280
518 6281
3478 6282
4576 6283
449 6284
3238 6285
1917 6286
863 6287
2640 6288
4398 6289
2488 6290
4006 6291
3152 6292
4417 6293
3108 6294
185 6295
1830 6296
4454 6297
1736 6298
3833 6299
4052 6300
3631 6301
1178 6302
3395 6303
4654 6304
3409 6305
2676 6306
1441 6307
1278 6308
2887 6309
1472 6310
2519 6311
1829 6312
972 6313
4274 6314
4400 6315
4795 6316
2465 6317
3605 6318
4578 6319
410 6320
2331 6321
481 6322
1960 6323
2566 6324
1992 6325
4404 6326
4279 6327
2335 6328
644 6329
4270 6330
1163 6331
489 6332
2759 6333
1953 6334
794 6335
771 6336
3097 6337
2232 6338
2065 6339
3368 6340
1977 6341
2359 6342
2574 6343
3011 6344
3915 6345
1804 6346
3741 6347
1430 6348
1144 6349
3061 6350
3391 6351
3309 6352
4138 6353
1291 6354
3232 6355
1182 6356
3944 6357
549 6358
345 6359
3971 6360
1670 6361
3583 6362
4741 6363
1732 6364
1192 6365
259 6366
327 6367
3622 6368
3177 6369
3841 6370
700 6371
3297 6372
1399 6373
1332 6374
1221 6375
3713 6376
90 6377
3101 6378
2464 6379
1186 6380
509 6381
1388 6382
486 6383
2210 6384
2627 6385
756 6386
4568 6387
265 6388
2974 6389
15 6390
3390 6391
1604 6392
2292 6393
1977 6394
849 6395
4363 6396
2371 6397
3433 6398
4786 6399
3023 6400
2391 6401
1694 6402
4122 6403
3928 6404
1825 6405
1710 6406
3923 6407
1358 6408
2114 6409
740 6410
495 6411
1399 6412
1744 6413
3851 6414
496 6415
872 6416
2480 6417
4726 6418
7 6419
4279 6420
1117 6421
434 6422
409 6423
753 6424
2983 6425
2303 6426
830 6427
935 6428
3528 6429
2434 6430
3412 6431
3910 6432
4123 6433
3831 6434
1940 6435
4095 6436
1110 6437
973 6438
1435 6439
4028 6440
2242 6441
3378 6442
3899 6443
372 6444
896 6445
2640 6446
2803 6447
2641 6448
3550 6449
128 6450
1957 6451
4192 6452
1427 6453
1903 6454
2071 6455
985 6456
551 6457
718 6458
2700 6459
504 6460
2918 6461
2919 6462
2427 6463
1338 6464
1398 6465
3836 6466
4360 6467
4132 6468
1439 6469
1297 6470
4882 6471
1617 6472
2907 6473
1909 6474
1037 6475
146 6476
1198 6477
4110 6478
472 6479
1515 6480
4800 6481
2203 6482
1194 6483
2476 6484
1912 6485
1445 6486
1569 6487
829 6488
283 6489
1696 6490
699 6491
1397 6492
2589 6493
238 6494
2272 6495
2717 6496
184 6497
838 6498
2191 6499
880 6500
3251 6501
1787 6502
681 6503
2446 6504
3412 6505
3847 6506
1403 6507
2033 6508
209 6509
4842 6510
3016 6511
1616 6512
364 6513
1734 6514
3022 6515
4802 6516
445 6517
2477 6518
2471 6519
629 6520
3268 6521
252 6522
739 6523
2376 6524
2847 6525
1137 6526
1532 6527
3341 6528
16 6529
4508 6530
3002 6531
4915 6532
779 6533
3474 6534
1160 6535
3883 6536
3238 6537
4480 6538
1255 6539
1081 6540
3746 6541
46 6542
1929 6543
1110 6544
4554 6545
585 6546
3345 6547
3884 6548
2618 6549
877 6550
865 6551
3081 6552
1841 6553
1947 6554
3796 6555
2007 6556
17 6557
2592 6558
1845 6559
3091 6560
3911 6561
3366 6562
3800 6563
549 6564
4278 6565
4319 6566
631 6567
2255 6568
3737 6569
174 6570
3519 6571
3306 6572
3649 6573
161 6574
2925 6575
4893 6576
3019 6577
2860 6578
1435 6579
3400 6580
2814 6581
2223 6582
2055 6583
3768 6584
1907 6585
1188 6586
3142 6587
4291 6588
1454 6589
201 6590
765 6591
2503 6592
3988 6593
941 6594
3352 6595
3597 6596
1725 6597
4208 6598
4855 6599
2404 6600
900 6601
75 6602
2885 6603
3995 6604
549 6605
4251 6606
394 6607
1375 6608
4351 6609
4280 6610
1628 6611
1303 6612
3673 6613
715 6614
2258 6615
1163 6616
2314 6617
4623 6618
3185 6619
268 6620
531 6621
4798 6622
2291 6623
4464 6624
4776 6625
4607 6626
1564 6627
845 6628
424 6629
2727 6630
3806 6631
3128 6632
1432 6633
1639 6634
176 6635
4406 6636
2799 6637
1612 6638
3482 6639
2387 6640
4013 6641
1108 6642
1092 6643
976 6644
1629 6645
3015 6646
2440 6647
3323 6648
3781 6649
516 6650
3398 6651
1946 6652
1651 6653
3606 6654
4638 6655
1983 6656
442 6657
1751 6658
99 6659
579 6660
3702 6661
3620 6662
1678 6663
2276 6664
2836 6665
632 6666
1280 6667
2297 6668
846 6669
165 6670
2244 6671
4880 6672
413 6673
2384 6674
4828 6675
613 6676
4136 6677
2717 6678
2787 6679
3422 6680
2204 6681
4908 6682
1083 6683
68 6684
236 6685
778 6686
3544 6687
2653 6688
331 6689
834 6690
61 6691
2592 6692
3143 6693
4789 6694
1341 6695
1120 6696
3865 6697
1136 6698
4916 6699
4165 6700
2858 6701
830 6702
4256 6703
391 6704
3297 6705
997 6706
3434 6707
1604 6708
1906 6709
3109 6710
2161 6711
2524 6712
3120 6713
4382 6714
1913 6715
1884 6716
502 6717
2929 6718
2352 6719
2488 6720
2891 6721
1402 6722
4313 6723
3180 6724
3588 6725
2140 6726
957 6727
2748 6728
1839 6729
6 6730
3174 6731
3010 6732
797 6733
381 6734
3006 6735
3344 6736
351 6737
4842 6738
344 6739
1846 6740
4444 6741
3869 6742
3644 6743
1815 6744
3937 6745
3834 6746
1089 6747
1144 6748
4387 6749
835 6750
230 6751
2088 6752
4513 6753
238 6754
4089 6755
4070 6756
3669 6757
2433 6758
1292 6759
3135 6760
4789 6761
179 6762
437 6763
567 6764
2645 6765
828 6766
1198 6767
3282 6768
1135 6769
663 6770
1820 6771
739 6772
2277 6773
2143 6774
2299 6775
4293 6776
6 6777
4241 6778
4945 6779
2569 6780
3152 6781
2201 6782
3954 6783
2175 6784
1230 6785
743 6786
685 6787
4568 6788
810 6789
4890 6790
3404 6791
1146 6792
4851 6793
2901 6794
1689 6795
2309 6796
2410 6797
3338 6798
1287 6799
4871 6800
2618 6801
2981 6802
1960 6803
3651 6804
1423 6805
1467 6806
4638 6807
1384 6808
784 6809
4354 6810
4883 6811
150 6812
1319 6813
1657 6814
2820 6815
3587 6816
3177 6817
4092 6818
3763 6819
1640 6820
689 6821
2897 6822
2028 6823
230 6824
1570 6825
2199 6826
2515 6827
213 6828
125 6829
1008 6830
1644 6831
2357 6832
1943 6833
4627 6834
458 6835
222 6836
2223 6837
2839 6838
3620 6839
1862 6840
3135 6841
1237 6842
2901 6843
1081 6844
1664 6845
2998 6846
2572 6847
2286 6848
3435 6849
4773 6850
284 6851
4295 6852
13 6853
69 6854
1116 6855
1721 6856
4666 6857
406 6858
3561 6859
4989 6860
4078 6861
3860 6862
2618 6863
3413 6864
359 6865
3977 6866
4844 6867
3291 6868
2743 6869
4189 6870
4191 6871
4623 6872
1866 6873
267 6874
1065 6875
1824 6876
3523 6877
245 6878
3170 6879
1582 6880
2491 6881
2818 6882
2808 6883
2509 6884
3740 6885
879 6886
1604 6887
4307 6888
2962 6889
940 6890
3844 6891
1085 6892
4116 6893
4385 6894
3778 6895
2527 6896
1522 6897
3256 6898
477 6899
2740 6900
375 6901
2604 6902
2742 6903
3149 6904
3121 6905
2363 6906
2038 6907
2581 6908
3950 6909
1584 6910
3790 6911
2676 6912
2170 6913
1572 6914
31 6915
3297 6916
622 6917
2798 6918
2572 6919
4566 6920
459 6921
2224 6922
1908 6923
4455 6924
576 6925
924 6926
1140 6927
2075 6928
1495 6929
1927 6930
2781 6931
4415 6932
230 6933
2101 6934
2113 6935
1575 6936
3221 6937
1757 6938
4084 6939
54 6940
2100 6941
3822 6942
4520 6943
1887 6944
2775 6945
2690 6946
4642 6947
1341 6948
436 6949
4154 6950
3388 6951
1424 6952
796 6953
4298 6954
202 6955
2017 6956
4817 6957
2591 6958
2168 6959
4553 6960
1519 6961
3302 6962
3315 6963
2901 6964
3981 6965
4158 6966
4896 6967
4156 6968
894 6969
3225 6970
2763 6971
1915 6972
2075 6973
4535 6974
737 6975
121 6976
947 6977
3372 6978
999 6979
3359 6980
1750 6981
1275 6982
2100 6983
3930 6984
2790 6985
2211 6986
3468 6987
2733 6988
4760 6989
4353 6990
1847 6991
4808 6992
4169 6993
4006 6994
937 6995
4285 6996
1556 6997
4418 6998
2363 6999
1965 7000
4507 7001
2624 7002
4771 7003
2342 7004
2308 7005
4924 7006
3727 7007
1168 7008
734 7009
1899 7010
759 7011
2576 7012
851 7013
1882 7014
3204 7015
1252 7016
1593 7017
2090 7018
4284 7019
3761 7020
1580 7021
1410 7022
535 7023
3345 7024
2734 7025
669 7026
2334 7027
3393 7028
1674 7029
4910 7030
2235 7031
4498 7032
2069 7033
3585 7034
1332 7035
2013 7036
3950 7037
3116 7038
3996 7039
1709 7040
1359 7041
3790 7042
643 7043
3184 7044
3356 7045
2854 7046
412 7047
2678 7048
836 7049
71 7050
3592 7051
997 7052
1942 7053
355 7054
3882 7055
4716 7056
1838 7057
1542 7058
2562 7059
1551 7060
3543 7061
668 7062
4214 7063
3603 7064
1227 7065
3053 7066
2574 7067
2578 7068
2481 7069
4703 7070
1262 7071
3008 7072
1687 7073
3949 7074
1274 7075
3111 7076
369 7077
4072 7078
1652 7079
2080 7080
2720 7081
3907 7082
4634 7083
2379 7084
4069 7085
2475 7086
3446 7087
2433 7088
1816 7089
4878 7090
4510 7091
3824 7092
701 7093
347 7094
2221 7095
3479 7096
2574 7097
1283 7098
3153 7099
2187 7100
1103 7101
4438 7102
4463 7103
1449 7104
2453 7105
57 7106
35 7107
4556 7108
4553 7109
1270 7110
1837 7111
1753 7112
156 7113
1893 7114
4016 7115
1274 7116
4978 7117
986 7118
5 7119
3520 7120
4876 7121
2247 7122
3360 7123
1244 7124
1633 7125
67 7126
1625 7127
3447 7128
806 7129
1843 7130
1093 7131
497 7132
110 7133
1232 7134
3981 7135
4071 7136
1802 7137
4801 7138
448 7139
689 7140
1292 7141
2650 7142
4557 7143
3579 7144
161 7145
2333 7146
1180 7147
857 7148
4405 7149
3801 7150
4086 7151
3960 7152
2331 7153
3528 7154
433 7155
1883 7156
1926 7157
109 7158
4240 7159
2948 7160
3026 7161
3845 7162
2250 7163
899 7164
1982 7165
1461 7166
4418 7167
4732 7168
822 7169
253 7170
1096 7171
3412 7172
2531 7173
3340 7174
4854 7175
4556 7176
2158 7177
2380 7178
629 7179
4737 7180
3645 7181
223 7182
2128 7183
1555 7184
3973 7185
1913 7186
4345 7187
2012 7188
4881 7189
4912 7190
1636 7191
4308 7192
3746 7193
1946 7194
4777 7195
2755 7196
1296 7197
662 7198
2357 7199
2942 7200
4703 7201
726 7202
3395 7203
3902 7204
1238 7205
394 7206
286 7207
1805 7208
3516 7209
4729 7210
2467 7211
3562 7212
2251 7213
4788 7214
4789 7215
4223 7216
929 7217
1139 7218
4313 7219
4409 7220
2597 7221
1916 7222
1291 7223
4439 7224
2119 7225
4113 7226
728 7227
4695 7228
884 7229
4066 7230
294 7231
2798 7232
512 7233
1610 7234
4897 7235
4302 7236
1404 7237
2798 7238
1559 7239
4797 7240
2938 7241
2620 7242
2398 7243
3412 7244
1334 7245
656 7246
2476 7247
2773 7248
4504 7249
1021 7250
2919 7251
3352 7252
960 7253
4418 7254
439 7255
911 7256
1937 7257
4394 7258
4457 7259
4088 7260
1297 7261
1065 7262
3245 7263
1284 7264
1023 7265
1612 7266
2146 7267
494 7268
2510 7269
1464 7270
4128 7271
894 7272
4305 7273
373 7274
3422 7275
2942 7276
4727 7277
684 7278
1509 7279
364 7280
642 7281
3615 7282
2277 7283
1858 7284
4114 7285
409 7286
4990 7287
3106 7288
4935 7289
1846 7290
3146 7291
4270 7292
2951 7293
747 7294
4906 7295
503 7296
885 7297
2745 7298
1126 7299
396 7300
1131 7301
1998 7302
4896 7303
342 7304
1137 7305
85 7306
4675 7307
3474 7308
54 7309
2959 7310
192 7311
278 7312
4926 7313
362 7314
633 7315
1679 7316
4460 7317
3113 7318
74 7319
1066 7320
1418 7321
4372 7322
2349 7323
617 7324
1216 7325
1361 7326
2653 7327
2681 7328
4385 7329
4803 7330
1813 7331
4594 7332
1028 7333
1402 7334
4985 7335
2438 7336
2129 7337
4931 7338
2589 7339
3366 7340
1498 7341
3658 7342
1045 7343
913 7344
884 7345
2709 7346
3533 7347
1070 7348
958 7349
1611 7350
570 7351
2181 7352
2938 7353
420 7354
2144 7355
4473 7356
249 7357
850 7358
1382 7359
1856 7360
452 7361
889 7362
855 7363
1246 7364
3056 7365
4139 7366
4730 7367
4902 7368
82 7369
864 7370
1964 7371
1947 7372
3195 7373
4724 7374
804 7375
790 7376
613 7377
2648 7378
2120 7379
2025 7380
3055 7381
2445 7382
2270 7383
3963 7384
1846 7385
1215 7386
1517 7387
381 7388
773 7389
1319 7390
1901 7391
1029 7392
957 7393
2419 7394
1660 7395
3944 7396
792 7397
1602 7398
3147 7399
2806 7400
739 7401
4914 7402
2664 7403
48 7404
4146 7405
1725 7406
4885 7407
781 7408
4689 7409
3788 7410
905 7411
2502 7412
3992 7413
4626 7414
2414 7415
1814 7416
1206 7417
4060 7418
3979 7419
462 7420
3458 7421
103 7422
4770 7423
2248 7424
4109 7425
4122 7426
3772 7427
2786 7428
2140 7429
4342 7430
1236 7431
4109 7432
3949 7433
4659 7434
2386 7435
2239 7436
535 7437
2157 7438
689 7439
4646 7440
2791 7441
4208 7442
1698 7443
2502 7444
800 7445
247 7446
3530 7447
2949 7448
3723 7449
1803 7450
1410 7451
4500 7452
1072 7453
394 7454
4229 7455
2680 7456
1060 7457
1269 7458
1800 7459
2139 7460
491 7461
2607 7462
1981 7463
3589 7464
4735 7465
987 7466
4424 7467
4590 7468
641 7469
3749 7470
2062 7471
3497 7472
4240 7473
1372 7474
1906 7475
2993 7476
1000 7477
4942 7478
1290 7479
3007 7480
3973 7481
1140 7482
1289 7483
4319 7484
1872 7485
3384 7486
1503 7487
2383 7488
4833 7489
2445 7490
950 7491
4570 7492
262 7493
805 7494
2046 7495
1676 7496
530 7497
2561 7498
4907 7499
1911 7500
465 7501
2852 7502
2605 7503
3565 7504
3531 7505
4984 7506
1769 7507
911 7508
3136 7509
198 7510
582 7511
4981 7512
1707 7513
3240 7514
3394 7515
2711 7516
2370 7517
1122 7518
4262 7519
4299 7520
1396 7521
1776 7522
1496 7523
1920 7524
4124 7525
809 7526
2311 7527
3923 7528
2869 7529
1893 7530
2796 7531
4976 7532
4799 7533
514 7534
4063 7535
1203 7536
2569 7537
829 7538
4359 7539
231 7540
2311 7541
4967 7542
3278 7543
3679 7544
1318 7545
3654 7546
3100 7547
3971 7548
637 7549
1423 7550
1628 7551
421 7552
286 7553
1704 7554
4308 7555
4765 7556
1846 7557
882 7558
104 7559
466 7560
4001 7561
2039 7562
2649 7563
3834 7564
2226 7565
2480 7566
2930 7567
2883 7568
4593 7569
770 7570
1116 7571
3130 7572
1885 7573
2362 7574
2699 7575
101 7576
4069 7577
175 7578
4152 7579
3900 7580
770 7581
191 7582
4703 7583
3933 7584
4519 7585
213 7586
860 7587
2417 7588
379 7589
1753 7590
4738 7591
4864 7592
278 7593
3831 7594
1860 7595
36 7596
4586 7597
1421 7598
4920 7599
197 7600
1324 7601
4448 7602
240 7603
3824 7604
707 7605
190 7606
1379 7607
2062 7608
1937 7609
2210 7610
4820 7611
4266 7612
4584 7613
1331 7614
1041 7615
2603 7616
1214 7617
1365 7618
2686 7619
691 7620
1004 7621
540 7622
4739 7623
4727 7624
2691 7625
1414 7626
116 7627
3336 7628
1976 7629
1401 7630
2191 7631
4321 7632
818 7633
4814 7634
4371 7635
4193 7636
4721 7637
3188 7638
3839 7639
3035 7640
466 7641
1943 7642
4513 7643
3341 7644
3224 7645
2370 7646
176 7647
1551 7648
2132 7649
2002 7650
1924 7651
1372 7652
3256 7653
4597 7654
84 7655
3317 7656
2409 7657
2780 7658
1008 7659
2756 7660
1052 7661
1717 7662
1121 7663
4854 7664
1306 7665
364 7666
2910 7667
1461 7668
4822 7669
250 7670
2744 7671
1077 7672
911 7673
4334 7674
2703 7675
365 7676
3857 7677
3836 7678
2558 7679
3784 7680
4745 7681
43 7682
773 7683
517 7684
2696 7685
4900 7686
2198 7687
1787 7688
3007 7689
927 7690
2658 7691
1057 7692
1725 7693
824 7694
4533 7695
3213 7696
661 7697
138 7698
855 7699
2748 7700
3467 7701
4970 7702
1044 7703
4362 7704
1400 7705
3192 7706
1694 7707
4385 7708
4140 7709
2113 7710
3386 7711
2431 7712
2324 7713
3953 7714
4801 7715
2380 7716
3676 7717
2119 7718
1719 7719
3105 7720
2166 7721
2169 7722
3785 7723
4735 7724
4932 7725
3570 7726
4467 7727
1470 7728
1930 7729
4793 7730
1575 7731
4981 7732
1368 7733
2868 7734
2605 7735
3954 7736
2470 7737
2868 7738
4391 7739
2115 7740
521 7741
1050 7742
2076 7743
2972 7744
1621 7745
4971 7746
4640 7747
1025 7748
1035 7749
4392 7750
1273 7751
895 7752
510 7753
3897 7754
4245 7755
1790 7756
4864 7757
36 7758
4946 7759
1281 7760
2266 7761
2224 7762
2967 7763
1057 7764
796 7765
1390 7766
505 7767
503 7768
4297 7769
3258 7770
1528 7771
2305 7772
471 7773
4191 7774
1724 7775
3775 7776
1261 7777
953 7778
986 7779
950 7780
3406 7781
3479 7782
4931 7783
1132 7784
534 7785
3512 7786
654 7787
1189 7788
2274 7789
2228 7790
3676 7791
4958 7792
1228 7793
4175 7794
1829 7795
4840 7796
1743 7797
2682 7798
4810 7799
3079 7800
1696 7801
2571 7802
1675 7803
2444 7804
2486 7805
4238 7806
2410 7807
560 7808
2276 7809
1995 7810
3439 7811
921 7812
3212 7813
1370 7814
980 7815
4914 7816
2142 7817
29 7818
764 7819
3942 7820
1169 7821
781 7822
2576 7823
1629 7824
3553 7825
4631 7826
4491 7827
2 7828
3530 7829
3047 7830
2031 7831
2572 7832
1892 7833
4558 7834
3462 7835
988 7836
1088 7837
3057 7838
2894 7839
1398 7840
2033 7841
2042 7842
1127 7843
676 7844
1134 7845
4219 7846
1390 7847
3455 7848
4879 7849
4704 7850
2391 7851
1487 7852
3814 7853
2092 7854
550 7855
1077 7856
3617 7857
4727 7858
647 7859
647 7860
3197 7861
718 7862
2896 7863
2756 7864
2285 7865
1283 7866
1659 7867
664 7868
4050 7869
4975 7870
1688 7871
2250 7872
1917 7873
581 7874
3778 7875
1989 7876
1108 7877
4569 7878
112 7879
324 7880
2929 7881
409 7882
1183 7883
2305 7884
1265 7885
2883 7886
183 7887
3207 7888
435 7889
2303 7890
2827 7891
2382 7892
2111 7893
854 7894
1813 7895
4759 7896
4378 7897
891 7898
1097 7899
2938 7900
711 7901
3480 7902
3752 7903
1964 7904
1343 7905
413 7906
1720 7907
2068 7908
861 7909
2965 7910
3082 7911
1976 7912
3419 7913
2793 7914
3925 7915
3076 7916
601 7917
3409 7918
1041 7919
2507 7920
4896 7921
2352 7922
3622 7923
2320 7924
4361 7925
3311 7926
2941 7927
4831 7928
2083 7929
1533 7930
3904 7931
240 7932
893 7933
1757 7934
494 7935
1204 7936
440 7937
2112 7938
345 7939
163 7940
4145 7941
1342 7942
4916 7943
2221 7944
2582 7945
279 7946
1391 7947
2519 7948
4927 7949
2550 7950
4141 7951
1353 7952
831 7953
1568 7954
1760 7955
4077 7956
2826 7957
2642 7958
1891 7959
2107 7960
4489 7961
209 7962
1111 7963
1507 7964
3212 7965
2149 7966
2538 7967
4058 7968
3976 7969
2337 7970
2878 7971
1488 7972
3505 7973
796 7974
4446 7975
4985 7976
4057 7977
139 7978
3798 7979
324 7980
602 7981
3347 7982
2483 7983
2240 7984
1713 7985
3802 7986
497 7987
4469 7988
1947 7989
4253 7990
716 7991
842 7992
2556 7993
3927 7994
3280 7995
2715 7996
4541 7997
1697 7998
4725 7999
3661 8000
