5000
1 2
2 3
3 4
4 5
5 6
6 7
7 8
8 9
9 10
10 11
11 12
12 13
13 14
14 15
15 16
16 17
17 18
18 19
19 20
20 21
21 22
22 23
23 24
24 25
25 26
26 27
27 28
28 29
29 30
30 31
31 32
32 33
33 34
34 35
35 36
36 37
37 38
38 39
39 40
40 41
41 42
42 43
43 44
44 45
45 46
46 47
47 48
48 49
49 50
50 51
51 52
52 53
53 54
54 55
55 56
56 57
57 58
58 59
59 60
60 61
61 62
62 63
63 64
64 65
65 66
66 67
67 68
68 69
69 70
70 71
71 72
72 73
73 74
74 75
75 76
76 77
77 78
78 79
79 80
80 81
81 82
82 83
83 84
84 85
85 86
86 87
87 88
88 89
89 90
90 91
91 92
92 93
93 94
94 95
95 96
96 97
97 98
98 99
99 100
100 101
101 102
102 103
103 104
104 105
105 106
106 107
107 108
108 109
109 110
110 111
111 112
112 113
113 114
114 115
115 116
116 117
117 118
118 119
119 120
120 121
121 122
122 123
123 124
124 125
125 126
126 127
127 128
128 129
129 130
130 131
131 132
132 133
133 134
134 135
135 136
136 137
137 138
138 139
139 140
140 141
141 142
142 143
143 144
144 145
145 146
146 147
147 148
148 149
149 150
150 151
151 152
152 153
153 154
154 155
155 156
156 157
157 158
158 159
159 160
160 161
161 162
162 163
163 164
164 165
165 166
166 167
167 168
168 169
169 170
170 171
171 172
172 173
173 174
174 175
175 176
176 177
177 178
178 179
179 180
180 181
181 182
182 183
183 184
184 185
185 186
186 187
187 188
188 189
189 190
190 191
191 192
192 193
193 194
194 195
195 196
196 197
197 198
198 199
199 200
200 201
201 202
202 203
203 204
204 205
205 206
206 207
207 208
208 209
209 210
210 211
211 212
212 213
213 214
214 215
215 216
216 217
217 218
218 219
219 220
220 221
221 222
222 223
223 224
224 225
225 226
226 227
227 228
228 229
229 230
230 231
231 232
232 233
233 234
234 235
235 236
236 237
237 238
238 239
239 240
240 241
241 242
242 243
243 244
244 245
245 246
246 247
247 248
248 249
249 250
250 251
251 252
252 253
253 254
254 255
255 256
256 257
257 258
258 259
259 260
260 261
261 262
262 263
263 264
264 265
265 266
266 267
267 268
268 269
269 270
270 271
271 272
272 273
273 274
274 275
275 276
276 277
277 278
278 279
279 280
280 281
281 282
282 283
283 284
284 285
285 286
286 287
287 288
288 289
289 290
290 291
291 292
292 293
293 294
294 295
295 296
296 297
297 298
298 299
299 300
300 301
301 302
302 303
303 304
304 305
305 306
306 307
307 308
308 309
309 310
310 311
311 312
312 313
313 314
314 315
315 316
316 317
317 318
318 319
319 320
320 321
321 322
322 323
323 324
324 325
325 326
326 327
327 328
328 329
329 330
330 331
331 332
332 333
333 334
334 335
335 336
336 337
337 338
338 339
339 340
340 341
341 342
342 343
343 344
344 345
345 346
346 347
347 348
348 349
349 350
350 351
351 352
352 353
353 354
354 355
355 356
356 357
357 358
358 359
359 360
360 361
361 362
362 363
363 364
364 365
365 366
366 367
367 368
368 369
369 370
370 371
371 372
372 373
373 374
374 375
375 376
376 377
377 378
378 379
379 380
380 381
381 382
382 383
383 384
384 385
385 386
386 387
387 388
388 389
389 390
390 391
391 392
392 393
393 394
394 395
395 396
396 397
397 398
398 399
399 400
400 401
401 402
402 403
403 404
404 405
405 406
406 407
407 408
408 409
409 410
410 411
411 412
412 413
413 414
414 415
415 416
416 417
417 418
418 419
419 420
420 421
421 422
422 423
423 424
424 425
425 426
426 427
427 428
428 429
429 430
430 431
431 432
432 433
433 434
434 435
435 436
436 437
437 438
438 439
439 440
440 441
441 442
442 443
443 444
444 445
445 446
446 447
447 448
448 449
449 450
450 451
451 452
452 453
453 454
454 455
455 456
456 457
457 458
458 459
459 460
460 461
461 462
462 463
463 464
464 465
465 466
466 467
467 468
468 469
469 470
470 471
471 472
472 473
473 474
474 475
475 476
476 477
477 478
478 479
479 480
480 481
481 482
482 483
483 484
484 485
485 486
486 487
487 488
488 489
489 490
490 491
491 492
492 493
493 494
494 495
495 496
496 497
497 498
498 499
499 500
500 501
501 502
502 503
503 504
504 505
505 506
506 507
507 508
508 509
509 510
510 511
511 512
512 513
513 514
514 515
515 516
516 517
517 518
518 519
519 520
520 521
521 522
522 523
523 524
524 525
525 526
526 527
527 528
528 529
529 530
530 531
531 532
532 533
533 534
534 535
535 536
536 537
537 538
538 539
539 540
540 541
541 542
542 543
543 544
544 545
545 546
546 547
547 548
548 549
549 550
550 551
551 552
552 553
553 554
554 555
555 556
556 557
557 558
558 559
559 560
560 561
561 562
562 563
563 564
564 565
565 566
566 567
567 568
568 569
569 570
570 571
571 572
572 573
573 574
574 575
575 576
576 577
577 578
578 579
579 580
580 581
581 582
582 583
583 584
584 585
585 586
586 587
587 588
588 589
589 590
590 591
591 592
592 593
593 594
594 595
595 596
596 597
597 598
598 599
599 600
600 601
601 602
602 603
603 604
604 605
605 606
606 607
607 608
608 609
609 610
610 611
611 612
612 613
613 614
614 615
615 616
616 617
617 618
618 619
619 620
620 621
621 622
622 623
623 624
624 625
625 626
626 627
627 628
628 629
629 630
630 631
631 632
632 633
633 634
634 635
635 636
636 637
637 638
638 639
639 640
640 641
641 642
642 643
643 644
644 645
645 646
646 647
647 648
648 649
649 650
650 651
651 652
652 653
653 654
654 655
655 656
656 657
657 658
658 659
659 660
660 661
661 662
662 663
663 664
664 665
665 666
666 667
667 668
668 669
669 670
670 671
671 672
672 673
673 674
674 675
675 676
676 677
677 678
678 679
679 680
680 681
681 682
682 683
683 684
684 685
685 686
686 687
687 688
688 689
689 690
690 691
691 692
692 693
693 694
694 695
695 696
696 697
697 698
698 699
699 700
700 701
701 702
702 703
703 704
704 705
705 706
706 707
707 708
708 709
709 710
710 711
711 712
712 713
713 714
714 715
715 716
716 717
717 718
718 719
719 720
720 721
721 722
722 723
723 724
724 725
725 726
726 727
727 728
728 729
729 730
730 731
731 732
732 733
733 734
734 735
735 736
736 737
737 738
738 739
739 740
740 741
741 742
742 743
743 744
744 745
745 746
746 747
747 748
748 749
749 750
750 751
751 752
752 753
753 754
754 755
755 756
756 757
757 758
758 759
759 760
760 761
761 762
762 763
763 764
764 765
765 766
766 767
767 768
768 769
769 770
770 771
771 772
772 773
773 774
774 775
775 776
776 777
777 778
778 779
779 780
780 781
781 782
782 783
783 784
784 785
785 786
786 787
787 788
788 789
789 790
790 791
791 792
792 793
793 794
794 795
795 796
796 797
797 798
798 799
799 800
800 801
801 802
802 803
803 804
804 805
805 806
806 807
807 808
808 809
809 810
810 811
811 812
812 813
813 814
814 815
815 816
816 817
817 818
818 819
819 820
820 821
821 822
822 823
823 824
824 825
825 826
826 827
827 828
828 829
829 830
830 831
831 832
832 833
833 834
834 835
835 836
836 837
837 838
838 839
839 840
840 841
841 842
842 843
843 844
844 845
845 846
846 847
847 848
848 849
849 850
850 851
851 852
852 853
853 854
854 855
855 856
856 857
857 858
858 859
859 860
860 861
861 862
862 863
863 864
864 865
865 866
866 867
867 868
868 869
869 870
870 871
871 872
872 873
873 874
874 875
875 876
876 877
877 878
878 879
879 880
880 881
881 882
882 883
883 884
884 885
885 886
886 887
887 888
888 889
889 890
890 891
891 892
892 893
893 894
894 895
895 896
896 897
897 898
898 899
899 900
900 901
901 902
902 903
903 904
904 905
905 906
906 907
907 908
908 909
909 910
910 911
911 912
912 913
913 914
914 915
915 916
916 917
917 918
918 919
919 920
920 921
921 922
922 923
923 924
924 925
925 926
926 927
927 928
928 929
929 930
930 931
931 932
932 933
933 934
934 935
935 936
936 937
937 938
938 939
939 940
940 941
941 942
942 943
943 944
944 945
945 946
946 947
947 948
948 949
949 950
950 951
951 952
952 953
953 954
954 955
955 956
956 957
957 958
958 959
959 960
960 961
961 962
962 963
963 964
964 965
965 966
966 967
967 968
968 969
969 970
970 971
971 972
972 973
973 974
974 975
975 976
976 977
977 978
978 979
979 980
980 981
981 982
982 983
983 984
984 985
985 986
986 987
987 988
988 989
989 990
990 991
991 992
992 993
993 994
994 995
995 996
996 997
997 998
998 999
999 1000
358 1001
285 1002
677 1003
765 1004
205 1005
887 1006
720 1007
85 1008
125 1009
190 1010
355 1011
913 1012
779 1013
839 1014
748 1015
786 1016
885 1017
371 1018
224 1019
352 1020
652 1021
322 1022
457 1023
109 1024
651 1025
544 1026
338 1027
735 1028
312 1029
599 1030
109 1031
343 1032
402 1033
470 1034
632 1035
912 1036
836 1037
336 1038
2 1039
921 1040
10 1041
559 1042
940 1043
447 1044
633 1045
922 1046
62 1047
957 1048
100 1049
213 1050
863 1051
549 1052
124 1053
649 1054
834 1055
404 1056
783 1057
691 1058
813 1059
785 1060
444 1061
521 1062
196 1063
246 1064
798 1065
715 1066
997 1067
426 1068
479 1069
558 1070
237 1071
781 1072
503 1073
382 1074
963 1075
358 1076
365 1077
957 1078
843 1079
610 1080
53 1081
39 1082
470 1083
622 1084
875 1085
729 1086
319 1087
575 1088
367 1089
81 1090
761 1091
743 1092
882 1093
287 1094
936 1095
635 1096
175 1097
388 1098
94 1099
466 1100
773 1101
129 1102
887 1103
73 1104
645 1105
412 1106
662 1107
45 1108
663 1109
999 1110
881 1111
185 1112
9 1113
106 1114
931 1115
633 1116
370 1117
754 1118
296 1119
821 1120
228 1121
969 1122
142 1123
530 1124
129 1125
879 1126
35 1127
429 1128
272 1129
401 1130
841 1131
234 1132
79 1133
322 1134
561 1135
788 1136
275 1137
176 1138
415 1139
414 1140
542 1141
264 1142
954 1143
777 1144
176 1145
748 1146
431 1147
151 1148
169 1149
308 1150
902 1151
695 1152
294 1153
155 1154
445 1155
34 1156
410 1157
979 1158
875 1159
134 1160
767 1161
979 1162
760 1163
896 1164
85 1165
568 1166
388 1167
344 1168
713 1169
514 1170
125 1171
103 1172
506 1173
129 1174
356 1175
68 1176
937 1177
847 1178
290 1179
944 1180
319 1181
440 1182
719 1183
942 1184
204 1185
751 1186
292 1187
879 1188
276 1189
195 1190
58 1191
372 1192
676 1193
658 1194
666 1195
357 1196
966 1197
532 1198
406 1199
971 1200
617 1201
43 1202
599 1203
489 1204
85 1205
433 1206
993 1207
624 1208
13 1209
827 1210
892 1211
587 1212
893 1213
357 1214
781 1215
816 1216
702 1217
414 1218
836 1219
728 1220
1000 1221
597 1222
399 1223
888 1224
960 1225
284 1226
511 1227
793 1228
690 1229
964 1230
409 1231
790 1232
585 1233
994 1234
639 1235
452 1236
364 1237
176 1238
56 1239
134 1240
299 1241
959 1242
686 1243
321 1244
219 1245
963 1246
102 1247
533 1248
709 1249
879 1250
902 1251
678 1252
414 1253
883 1254
930 1255
546 1256
986 1257
483 1258
543 1259
348 1260
483 1261
386 1262
99 1263
808 1264
89 1265
71 1266
484 1267
608 1268
154 1269
55 1270
185 1271
638 1272
868 1273
755 1274
486 1275
427 1276
183 1277
323 1278
380 1279
127 1280
249 1281
426 1282
304 1283
330 1284
373 1285
212 1286
131 1287
330 1288
228 1289
726 1290
378 1291
670 1292
358 1293
709 1294
470 1295
851 1296
242 1297
362 1298
134 1299
76 1300
820 1301
925 1302
468 1303
64 1304
663 1305
807 1306
710 1307
687 1308
932 1309
196 1310
294 1311
748 1312
289 1313
880 1314
996 1315
90 1316
989 1317
905 1318
697 1319
576 1320
99 1321
726 1322
160 1323
142 1324
358 1325
774 1326
121 1327
397 1328
100 1329
964 1330
957 1331
946 1332
757 1333
338 1334
441 1335
155 1336
269 1337
556 1338
532 1339
853 1340
632 1341
270 1342
507 1343
438 1344
206 1345
376 1346
760 1347
494 1348
400 1349
977 1350
543 1351
507 1352
890 1353
578 1354
705 1355
885 1356
8 1357
580 1358
475 1359
279 1360
54 1361
52 1362
153 1363
576 1364
843 1365
774 1366
392 1367
849 1368
678 1369
681 1370
570 1371
415 1372
708 1373
161 1374
829 1375
355 1376
944 1377
362 1378
214 1379
424 1380
532 1381
372 1382
26 1383
468 1384
294 1385
386 1386
589 1387
523 1388
399 1389
359 1390
566 1391
217 1392
208 1393
811 1394
987 1395
295 1396
518 1397
106 1398
753 1399
128 1400
289 1401
710 1402
431 1403
363 1404
911 1405
646 1406
587 1407
475 1408
694 1409
831 1410
805 1411
958 1412
569 1413
962 1414
491 1415
387 1416
882 1417
30 1418
756 1419
416 1420
409 1421
504 1422
945 1423
283 1424
772 1425
808 1426
857 1427
167 1428
480 1429
205 1430
12 1431
401 1432
374 1433
947 1434
626 1435
195 1436
946 1437
196 1438
789 1439
968 1440
984 1441
318 1442
812 1443
913 1444
720 1445
780 1446
962 1447
848 1448
164 1449
775 1450
750 1451
428 1452
870 1453
798 1454
612 1455
900 1456
360 1457
83 1458
460 1459
295 1460
214 1461
568 1462
33 1463
659 1464
150 1465
777 1466
197 1467
605 1468
844 1469
980 1470
195 1471
817 1472
519 1473
439 1474
885 1475
609 1476
984 1477
321 1478
447 1479
19 1480
524 1481
124 1482
412 1483
158 1484
712 1485
489 1486
551 1487
382 1488
996 1489
292 1490
324 1491
217 1492
699 1493
153 1494
433 1495
16 1496
937 1497
359 1498
87 1499
98 1500
126 1501
93 1502
709 1503
125 1504
875 1505
355 1506
967 1507
102 1508
850 1509
473 1510
403 1511
187 1512
987 1513
661 1514
716 1515
176 1516
348 1517
753 1518
890 1519
159 1520
345 1521
868 1522
578 1523
739 1524
236 1525
314 1526
274 1527
470 1528
463 1529
702 1530
768 1531
609 1532
103 1533
255 1534
987 1535
885 1536
571 1537
768 1538
602 1539
952 1540
366 1541
357 1542
268 1543
66 1544
753 1545
747 1546
936 1547
320 1548
220 1549
695 1550
45 1551
16 1552
478 1553
786 1554
948 1555
174 1556
84 1557
867 1558
837 1559
839 1560
630 1561
53 1562
312 1563
348 1564
112 1565
186 1566
670 1567
441 1568
464 1569
233 1570
934 1571
686 1572
603 1573
716 1574
163 1575
646 1576
893 1577
357 1578
942 1579
399 1580
792 1581
114 1582
345 1583
857 1584
340 1585
870 1586
996 1587
802 1588
825 1589
18 1590
851 1591
129 1592
449 1593
44 1594
159 1595
25 1596
513 1597
767 1598
308 1599
25 1600
353 1601
771 1602
403 1603
106 1604
354 1605
990 1606
193 1607
112 1608
656 1609
475 1610
440 1611
260 1612
552 1613
434 1614
100 1615
705 1616
587 1617
185 1618
809 1619
407 1620
67 1621
977 1622
795 1623
164 1624
870 1625
315 1626
277 1627
553 1628
921 1629
269 1630
206 1631
452 1632
447 1633
560 1634
353 1635
978 1636
738 1637
84 1638
909 1639
464 1640
393 1641
630 1642
732 1643
953 1644
547 1645
312 1646
71 1647
474 1648
674 1649
410 1650
914 1651
508 1652
907 1653
40 1654
292 1655
122 1656
718 1657
283 1658
538 1659
348 1660
513 1661
197 1662
581 1663
195 1664
289 1665
247 1666
120 1667
575 1668
900 1669
525 1670
78 1671
821 1672
169 1673
197 1674
188 1675
260 1676
777 1677
331 1678
235 1679
890 1680
306 1681
769 1682
65 1683
130 1684
1 1685
501 1686
256 1687
602 1688
456 1689
747 1690
575 1691
866 1692
184 1693
445 1694
399 1695
543 1696
905 1697
328 1698
481 1699
672 1700
471 1701
73 1702
918 1703
728 1704
383 1705
328 1706
775 1707
470 1708
339 1709
236 1710
14 1711
106 1712
754 1713
494 1714
453 1715
33 1716
492 1717
818 1718
742 1719
787 1720
724 1721
980 1722
922 1723
762 1724
159 1725
607 1726
77 1727
438 1728
652 1729
612 1730
970 1731
15 1732
876 1733
649 1734
396 1735
778 1736
612 1737
720 1738
293 1739
143 1740
49 1741
697 1742
586 1743
858 1744
3 1745
666 1746
30 1747
713 1748
317 1749
606 1750
557 1751
982 1752
804 1753
100 1754
180 1755
662 1756
381 1757
202 1758
16 1759
712 1760
300 1761
914 1762
724 1763
850 1764
331 1765
564 1766
624 1767
985 1768
840 1769
147 1770
142 1771
39 1772
746 1773
316 1774
805 1775
2 1776
141 1777
676 1778
116 1779
402 1780
203 1781
946 1782
191 1783
843 1784
845 1785
309 1786
246 1787
996 1788
123 1789
447 1790
527 1791
247 1792
561 1793
666 1794
248 1795
162 1796
771 1797
130 1798
233 1799
413 1800
922 1801
932 1802
786 1803
422 1804
367 1805
156 1806
209 1807
513 1808
663 1809
925 1810
863 1811
836 1812
367 1813
541 1814
883 1815
914 1816
946 1817
47 1818
918 1819
397 1820
145 1821
949 1822
673 1823
345 1824
250 1825
309 1826
108 1827
439 1828
229 1829
283 1830
305 1831
320 1832
658 1833
472 1834
521 1835
59 1836
263 1837
674 1838
853 1839
257 1840
9 1841
660 1842
255 1843
22 1844
817 1845
863 1846
785 1847
626 1848
305 1849
368 1850
294 1851
233 1852
998 1853
780 1854
968 1855
664 1856
824 1857
362 1858
706 1859
137 1860
688 1861
656 1862
367 1863
776 1864
186 1865
409 1866
11 1867
455 1868
651 1869
21 1870
241 1871
680 1872
188 1873
441 1874
876 1875
401 1876
816 1877
704 1878
569 1879
460 1880
298 1881
570 1882
300 1883
143 1884
491 1885
173 1886
371 1887
978 1888
915 1889
889 1890
273 1891
751 1892
229 1893
576 1894
396 1895
743 1896
584 1897
766 1898
984 1899
850 1900
466 1901
277 1902
556 1903
119 1904
152 1905
68 1906
374 1907
685 1908
956 1909
393 1910
283 1911
88 1912
942 1913
333 1914
698 1915
969 1916
455 1917
55 1918
594 1919
415 1920
561 1921
499 1922
640 1923
979 1924
115 1925
532 1926
350 1927
299 1928
340 1929
39 1930
1000 1931
988 1932
437 1933
683 1934
200 1935
261 1936
28 1937
726 1938
997 1939
90 1940
782 1941
113 1942
800 1943
766 1944
893 1945
575 1946
383 1947
589 1948
515 1949
514 1950
493 1951
225 1952
909 1953
879 1954
473 1955
251 1956
475 1957
939 1958
174 1959
877 1960
279 1961
877 1962
219 1963
581 1964
316 1965
941 1966
324 1967
916 1968
281 1969
838 1970
57 1971
799 1972
398 1973
513 1974
830 1975
102 1976
982 1977
298 1978
779 1979
620 1980
550 1981
566 1982
444 1983
543 1984
813 1985
261 1986
35 1987
272 1988
156 1989
909 1990
956 1991
796 1992
704 1993
399 1994
634 1995
612 1996
646 1997
686 1998
760 1999
546 2000
318 2001
445 2002
3 2003
270 2004
699 2005
399 2006
910 2007
592 2008
146 2009
45 2010
678 2011
110 2012
233 2013
692 2014
503 2015
624 2016
698 2017
422 2018
886 2019
250 2020
799 2021
482 2022
304 2023
730 2024
488 2025
806 2026
299 2027
803 2028
924 2029
171 2030
788 2031
664 2032
420 2033
825 2034
809 2035
157 2036
302 2037
45 2038
184 2039
619 2040
32 2041
441 2042
168 2043
683 2044
491 2045
763 2046
710 2047
541 2048
467 2049
448 2050
954 2051
825 2052
300 2053
627 2054
507 2055
469 2056
215 2057
608 2058
640 2059
608 2060
277 2061
422 2062
441 2063
206 2064
43 2065
108 2066
589 2067
157 2068
382 2069
347 2070
85 2071
616 2072
857 2073
885 2074
241 2075
394 2076
509 2077
348 2078
785 2079
790 2080
361 2081
742 2082
231 2083
676 2084
346 2085
703 2086
835 2087
158 2088
340 2089
631 2090
143 2091
452 2092
250 2093
550 2094
893 2095
692 2096
514 2097
966 2098
749 2099
934 2100
908 2101
432 2102
723 2103
975 2104
549 2105
89 2106
417 2107
573 2108
567 2109
710 2110
200 2111
451 2112
795 2113
245 2114
845 2115
220 2116
650 2117
70 2118
242 2119
597 2120
960 2121
474 2122
666 2123
798 2124
250 2125
435 2126
377 2127
298 2128
337 2129
381 2130
299 2131
120 2132
568 2133
820 2134
660 2135
368 2136
675 2137
77 2138
816 2139
282 2140
360 2141
737 2142
340 2143
491 2144
594 2145
215 2146
452 2147
609 2148
179 2149
945 2150
430 2151
170 2152
578 2153
586 2154
591 2155
80 2156
638 2157
814 2158
734 2159
247 2160
122 2161
883 2162
614 2163
386 2164
609 2165
263 2166
207 2167
123 2168
675 2169
186 2170
926 2171
554 2172
217 2173
85 2174
339 2175
999 2176
453 2177
451 2178
308 2179
731 2180
694 2181
543 2182
785 2183
380 2184
107 2185
190 2186
208 2187
696 2188
101 2189
886 2190
858 2191
725 2192
418 2193
543 2194
829 2195
605 2196
304 2197
369 2198
355 2199
223 2200
398 2201
295 2202
763 2203
460 2204
649 2205
499 2206
783 2207
880 2208
246 2209
833 2210
38 2211
746 2212
210 2213
704 2214
906 2215
389 2216
98 2217
286 2218
332 2219
855 2220
48 2221
779 2222
22 2223
194 2224
652 2225
746 2226
986 2227
690 2228
180 2229
747 2230
778 2231
702 2232
100 2233
829 2234
479 2235
274 2236
265 2237
954 2238
470 2239
228 2240
714 2241
250 2242
560 2243
245 2244
536 2245
733 2246
841 2247
403 2248
512 2249
259 2250
147 2251
429 2252
983 2253
782 2254
19 2255
543 2256
422 2257
955 2258
956 2259
750 2260
789 2261
629 2262
203 2263
478 2264
676 2265
522 2266
291 2267
538 2268
624 2269
354 2270
114 2271
955 2272
779 2273
205 2274
395 2275
398 2276
736 2277
92 2278
157 2279
287 2280
413 2281
964 2282
901 2283
330 2284
593 2285
414 2286
88 2287
243 2288
432 2289
178 2290
139 2291
636 2292
245 2293
941 2294
966 2295
128 2296
199 2297
424 2298
245 2299
765 2300
383 2301
764 2302
481 2303
863 2304
233 2305
210 2306
664 2307
267 2308
665 2309
176 2310
32 2311
561 2312
344 2313
105 2314
978 2315
438 2316
663 2317
819 2318
684 2319
656 2320
563 2321
200 2322
839 2323
235 2324
378 2325
845 2326
923 2327
43 2328
77 2329
895 2330
991 2331
203 2332
918 2333
710 2334
717 2335
870 2336
275 2337
858 2338
781 2339
493 2340
436 2341
838 2342
465 2343
24 2344
418 2345
698 2346
522 2347
672 2348
464 2349
606 2350
177 2351
260 2352
871 2353
115 2354
424 2355
634 2356
580 2357
588 2358
610 2359
273 2360
661 2361
69 2362
239 2363
140 2364
396 2365
347 2366
949 2367
482 2368
514 2369
748 2370
68 2371
916 2372
952 2373
560 2374
832 2375
670 2376
922 2377
536 2378
581 2379
153 2380
61 2381
774 2382
454 2383
888 2384
747 2385
869 2386
326 2387
426 2388
268 2389
419 2390
83 2391
680 2392
479 2393
164 2394
839 2395
64 2396
777 2397
288 2398
57 2399
625 2400
197 2401
864 2402
603 2403
879 2404
606 2405
53 2406
29 2407
73 2408
321 2409
722 2410
267 2411
969 2412
542 2413
787 2414
83 2415
492 2416
527 2417
182 2418
577 2419
475 2420
578 2421
744 2422
774 2423
321 2424
396 2425
707 2426
398 2427
198 2428
743 2429
847 2430
65 2431
275 2432
213 2433
431 2434
372 2435
463 2436
349 2437
422 2438
97 2439
698 2440
950 2441
441 2442
988 2443
248 2444
714 2445
270 2446
384 2447
376 2448
189 2449
781 2450
809 2451
309 2452
509 2453
134 2454
635 2455
68 2456
684 2457
235 2458
427 2459
807 2460
67 2461
495 2462
516 2463
602 2464
626 2465
752 2466
886 2467
485 2468
390 2469
233 2470
362 2471
825 2472
554 2473
651 2474
288 2475
622 2476
249 2477
309 2478
52 2479
267 2480
346 2481
546 2482
719 2483
800 2484
14 2485
850 2486
66 2487
913 2488
326 2489
899 2490
736 2491
588 2492
480 2493
865 2494
636 2495
821 2496
603 2497
675 2498
25 2499
31 2500
496 2501
448 2502
297 2503
926 2504
517 2505
394 2506
544 2507
386 2508
772 2509
619 2510
610 2511
943 2512
257 2513
829 2514
833 2515
483 2516
836 2517
854 2518
147 2519
968 2520
875 2521
859 2522
500 2523
274 2524
804 2525
820 2526
97 2527
571 2528
257 2529
129 2530
501 2531
622 2532
620 2533
723 2534
894 2535
520 2536
862 2537
718 2538
426 2539
181 2540
467 2541
141 2542
183 2543
834 2544
120 2545
63 2546
816 2547
167 2548
744 2549
265 2550
247 2551
464 2552
826 2553
356 2554
423 2555
572 2556
47 2557
80 2558
321 2559
77 2560
339 2561
49 2562
858 2563
353 2564
346 2565
408 2566
58 2567
784 2568
21 2569
518 2570
512 2571
543 2572
5 2573
981 2574
420 2575
493 2576
703 2577
759 2578
93 2579
396 2580
65 2581
131 2582
340 2583
522 2584
316 2585
172 2586
881 2587
921 2588
82 2589
365 2590
413 2591
683 2592
474 2593
987 2594
472 2595
754 2596
209 2597
17 2598
675 2599
14 2600
603 2601
2 2602
136 2603
816 2604
387 2605
402 2606
649 2607
56 2608
23 2609
205 2610
991 2611
986 2612
312 2613
429 2614
692 2615
614 2616
120 2617
638 2618
242 2619
32 2620
501 2621
556 2622
461 2623
853 2624
693 2625
735 2626
319 2627
855 2628
538 2629
990 2630
83 2631
858 2632
320 2633
154 2634
772 2635
80 2636
332 2637
364 2638
950 2639
314 2640
896 2641
2 2642
901 2643
185 2644
628 2645
830 2646
13 2647
796 2648
423 2649
927 2650
546 2651
586 2652
687 2653
924 2654
233 2655
938 2656
437 2657
702 2658
207 2659
425 2660
452 2661
229 2662
600 2663
316 2664
59 2665
502 2666
954 2667
615 2668
121 2669
524 2670
84 2671
645 2672
617 2673
61 2674
513 2675
280 2676
110 2677
166 2678
697 2679
780 2680
49 2681
457 2682
361 2683
767 2684
281 2685
973 2686
714 2687
108 2688
785 2689
535 2690
8 2691
504 2692
792 2693
264 2694
996 2695
812 2696
349 2697
423 2698
820 2699
740 2700
522 2701
697 2702
257 2703
79 2704
819 2705
70 2706
882 2707
529 2708
646 2709
966 2710
119 2711
165 2712
997 2713
259 2714
856 2715
727 2716
482 2717
600 2718
638 2719
721 2720
994 2721
498 2722
962 2723
332 2724
494 2725
87 2726
254 2727
817 2728
358 2729
69 2730
337 2731
976 2732
630 2733
395 2734
663 2735
233 2736
77 2737
334 2738
199 2739
458 2740
379 2741
685 2742
870 2743
600 2744
604 2745
373 2746
29 2747
889 2748
211 2749
164 2750
655 2751
186 2752
424 2753
632 2754
374 2755
188 2756
980 2757
384 2758
38 2759
460 2760
661 2761
134 2762
305 2763
883 2764
493 2765
755 2766
708 2767
843 2768
840 2769
627 2770
650 2771
564 2772
782 2773
707 2774
992 2775
157 2776
685 2777
920 2778
17 2779
415 2780
947 2781
649 2782
395 2783
798 2784
378 2785
520 2786
146 2787
553 2788
165 2789
469 2790
995 2791
989 2792
10 2793
164 2794
356 2795
453 2796
489 2797
448 2798
250 2799
533 2800
964 2801
344 2802
554 2803
846 2804
46 2805
576 2806
740 2807
492 2808
393 2809
331 2810
949 2811
199 2812
195 2813
40 2814
708 2815
511 2816
497 2817
827 2818
247 2819
179 2820
55 2821
885 2822
527 2823
4 2824
726 2825
710 2826
954 2827
485 2828
15 2829
466 2830
359 2831
278 2832
944 2833
418 2834
831 2835
506 2836
388 2837
301 2838
818 2839
685 2840
287 2841
814 2842
623 2843
642 2844
483 2845
944 2846
889 2847
323 2848
900 2849
991 2850
14 2851
786 2852
379 2853
337 2854
177 2855
457 2856
377 2857
405 2858
931 2859
749 2860
962 2861
34 2862
557 2863
408 2864
684 2865
331 2866
697 2867
550 2868
584 2869
281 2870
682 2871
96 2872
104 2873
658 2874
137 2875
344 2876
594 2877
433 2878
681 2879
660 2880
276 2881
302 2882
846 2883
598 2884
656 2885
456 2886
473 2887
723 2888
866 2889
191 2890
415 2891
443 2892
8 2893
71 2894
347 2895
905 2896
497 2897
874 2898
736 2899
955 2900
897 2901
381 2902
932 2903
276 2904
220 2905
694 2906
186 2907
944 2908
568 2909
740 2910
582 2911
528 2912
24 2913
287 2914
206 2915
575 2916
431 2917
570 2918
927 2919
995 2920
738 2921
23 2922
134 2923
112 2924
857 2925
657 2926
681 2927
338 2928
335 2929
383 2930
364 2931
897 2932
151 2933
392 2934
456 2935
594 2936
882 2937
298 2938
761 2939
820 2940
542 2941
792 2942
767 2943
592 2944
417 2945
859 2946
464 2947
180 2948
503 2949
399 2950
963 2951
585 2952
248 2953
466 2954
184 2955
732 2956
238 2957
265 2958
959 2959
162 2960
21 2961
739 2962
62 2963
360 2964
659 2965
498 2966
286 2967
74 2968
514 2969
927 2970
992 2971
314 2972
604 2973
909 2974
628 2975
331 2976
599 2977
169 2978
515 2979
382 2980
233 2981
896 2982
294 2983
693 2984
221 2985
866 2986
189 2987
783 2988
902 2989
365 2990
565 2991
187 2992
556 2993
437 2994
908 2995
528 2996
525 2997
347 2998
207 2999
92 3000
182 3001
580 3002
838 3003
43 3004
634 3005
411 3006
773 3007
883 3008
425 3009
449 3010
855 3011
349 3012
469 3013
636 3014
6 3015
871 3016
961 3017
110 3018
142 3019
712 3020
859 3021
56 3022
331 3023
339 3024
347 3025
446 3026
583 3027
856 3028
108 3029
748 3030
681 3031
375 3032
587 3033
801 3034
555 3035
823 3036
70 3037
707 3038
258 3039
734 3040
320 3041
476 3042
811 3043
521 3044
82 3045
427 3046
940 3047
558 3048
339 3049
166 3050
865 3051
776 3052
674 3053
663 3054
305 3055
435 3056
675 3057
348 3058
832 3059
1 3060
329 3061
972 3062
925 3063
541 3064
844 3065
446 3066
535 3067
509 3068
307 3069
972 3070
355 3071
493 3072
187 3073
105 3074
81 3075
74 3076
272 3077
470 3078
921 3079
780 3080
939 3081
11 3082
784 3083
127 3084
174 3085
372 3086
983 3087
107 3088
228 3089
505 3090
229 3091
891 3092
828 3093
451 3094
836 3095
324 3096
471 3097
684 3098
466 3099
927 3100
831 3101
775 3102
89 3103
120 3104
35 3105
968 3106
888 3107
919 3108
424 3109
892 3110
683 3111
215 3112
451 3113
4 3114
385 3115
261 3116
668 3117
366 3118
613 3119
179 3120
101 3121
589 3122
488 3123
958 3124
340 3125
10 3126
524 3127
813 3128
628 3129
458 3130
404 3131
403 3132
619 3133
74 3134
858 3135
231 3136
279 3137
9 3138
824 3139
241 3140
18 3141
53 3142
716 3143
128 3144
504 3145
745 3146
990 3147
106 3148
567 3149
989 3150
355 3151
755 3152
30 3153
814 3154
79 3155
834 3156
785 3157
704 3158
319 3159
448 3160
348 3161
329 3162
701 3163
234 3164
902 3165
831 3166
351 3167
25 3168
208 3169
253 3170
850 3171
425 3172
21 3173
170 3174
418 3175
670 3176
837 3177
379 3178
54 3179
326 3180
461 3181
978 3182
586 3183
898 3184
161 3185
710 3186
612 3187
190 3188
180 3189
749 3190
763 3191
92 3192
607 3193
328 3194
77 3195
220 3196
240 3197
630 3198
937 3199
56 3200
285 3201
499 3202
220 3203
124 3204
194 3205
690 3206
479 3207
347 3208
359 3209
433 3210
792 3211
856 3212
574 3213
300 3214
432 3215
722 3216
507 3217
885 3218
758 3219
900 3220
29 3221
290 3222
82 3223
659 3224
484 3225
871 3226
84 3227
665 3228
915 3229
518 3230
198 3231
298 3232
151 3233
92 3234
255 3235
965 3236
321 3237
221 3238
962 3239
781 3240
625 3241
907 3242
558 3243
369 3244
779 3245
83 3246
703 3247
225 3248
263 3249
721 3250
325 3251
106 3252
627 3253
166 3254
251 3255
483 3256
4 3257
382 3258
107 3259
609 3260
997 3261
703 3262
935 3263
544 3264
782 3265
222 3266
179 3267
75 3268
441 3269
68 3270
682 3271
485 3272
825 3273
881 3274
767 3275
505 3276
348 3277
616 3278
653 3279
528 3280
259 3281
148 3282
112 3283
689 3284
295 3285
609 3286
694 3287
485 3288
62 3289
830 3290
360 3291
827 3292
350 3293
89 3294
861 3295
473 3296
97 3297
91 3298
977 3299
853 3300
850 3301
694 3302
441 3303
555 3304
327 3305
284 3306
203 3307
944 3308
968 3309
882 3310
524 3311
870 3312
967 3313
173 3314
593 3315
496 3316
840 3317
315 3318
282 3319
705 3320
195 3321
798 3322
892 3323
832 3324
327 3325
740 3326
743 3327
887 3328
889 3329
979 3330
535 3331
132 3332
941 3333
723 3334
950 3335
743 3336
605 3337
284 3338
714 3339
565 3340
424 3341
561 3342
771 3343
845 3344
36 3345
117 3346
303 3347
417 3348
631 3349
677 3350
105 3351
71 3352
346 3353
342 3354
120 3355
176 3356
839 3357
185 3358
724 3359
704 3360
357 3361
244 3362
39 3363
784 3364
58 3365
780 3366
673 3367
617 3368
304 3369
127 3370
212 3371
754 3372
987 3373
494 3374
529 3375
699 3376
218 3377
306 3378
74 3379
770 3380
291 3381
943 3382
466 3383
94 3384
636 3385
903 3386
986 3387
307 3388
55 3389
576 3390
934 3391
430 3392
878 3393
488 3394
271 3395
649 3396
336 3397
343 3398
522 3399
168 3400
482 3401
143 3402
745 3403
629 3404
954 3405
448 3406
688 3407
729 3408
208 3409
919 3410
875 3411
684 3412
5 3413
359 3414
885 3415
944 3416
520 3417
160 3418
572 3419
785 3420
399 3421
527 3422
252 3423
223 3424
163 3425
927 3426
849 3427
70 3428
704 3429
126 3430
89 3431
205 3432
835 3433
667 3434
889 3435
815 3436
180 3437
119 3438
47 3439
423 3440
806 3441
673 3442
968 3443
719 3444
909 3445
335 3446
331 3447
139 3448
168 3449
641 3450
789 3451
297 3452
86 3453
352 3454
702 3455
596 3456
405 3457
783 3458
452 3459
897 3460
345 3461
465 3462
718 3463
193 3464
699 3465
883 3466
356 3467
440 3468
242 3469
667 3470
926 3471
853 3472
758 3473
602 3474
986 3475
475 3476
234 3477
206 3478
986 3479
784 3480
617 3481
419 3482
845 3483
108 3484
125 3485
754 3486
828 3487
948 3488
364 3489
362 3490
895 3491
176 3492
236 3493
695 3494
202 3495
945 3496
48 3497
520 3498
155 3499
831 3500
508 3501
877 3502
325 3503
674 3504
909 3505
513 3506
393 3507
520 3508
933 3509
236 3510
251 3511
638 3512
549 3513
341 3514
315 3515
450 3516
11 3517
670 3518
854 3519
497 3520
743 3521
47 3522
292 3523
996 3524
841 3525
8 3526
547 3527
400 3528
269 3529
313 3530
428 3531
358 3532
905 3533
996 3534
924 3535
736 3536
54 3537
62 3538
718 3539
389 3540
285 3541
850 3542
742 3543
583 3544
52 3545
871 3546
377 3547
523 3548
33 3549
891 3550
220 3551
113 3552
887 3553
463 3554
354 3555
645 3556
183 3557
596 3558
210 3559
845 3560
688 3561
382 3562
848 3563
587 3564
850 3565
969 3566
155 3567
933 3568
87 3569
914 3570
855 3571
659 3572
523 3573
703 3574
756 3575
81 3576
621 3577
713 3578
502 3579
31 3580
503 3581
441 3582
814 3583
789 3584
779 3585
81 3586
625 3587
450 3588
542 3589
44 3590
96 3591
455 3592
202 3593
88 3594
224 3595
127 3596
14 3597
363 3598
666 3599
818 3600
80 3601
580 3602
998 3603
643 3604
974 3605
307 3606
339 3607
254 3608
625 3609
652 3610
530 3611
181 3612
988 3613
272 3614
508 3615
637 3616
580 3617
917 3618
713 3619
941 3620
991 3621
95 3622
627 3623
759 3624
650 3625
870 3626
658 3627
786 3628
630 3629
746 3630
785 3631
63 3632
514 3633
580 3634
937 3635
850 3636
687 3637
175 3638
221 3639
572 3640
840 3641
551 3642
133 3643
919 3644
616 3645
265 3646
390 3647
585 3648
553 3649
67 3650
130 3651
148 3652
322 3653
957 3654
373 3655
173 3656
513 3657
248 3658
856 3659
108 3660
185 3661
542 3662
57 3663
155 3664
973 3665
283 3666
834 3667
835 3668
270 3669
210 3670
344 3671
91 3672
217 3673
283 3674
279 3675
691 3676
5 3677
691 3678
229 3679
752 3680
907 3681
636 3682
148 3683
608 3684
422 3685
767 3686
884 3687
697 3688
678 3689
983 3690
121 3691
444 3692
960 3693
176 3694
776 3695
8 3696
752 3697
600 3698
911 3699
117 3700
818 3701
12 3702
638 3703
293 3704
580 3705
566 3706
841 3707
914 3708
560 3709
286 3710
775 3711
76 3712
953 3713
575 3714
176 3715
593 3716
668 3717
820 3718
698 3719
986 3720
674 3721
450 3722
588 3723
812 3724
722 3725
695 3726
151 3727
884 3728
716 3729
219 3730
458 3731
951 3732
219 3733
342 3734
477 3735
241 3736
395 3737
899 3738
217 3739
275 3740
948 3741
483 3742
230 3743
611 3744
948 3745
845 3746
916 3747
111 3748
692 3749
876 3750
30 3751
281 3752
436 3753
33 3754
227 3755
266 3756
801 3757
843 3758
375 3759
168 3760
976 3761
677 3762
362 3763
98 3764
155 3765
655 3766
687 3767
118 3768
299 3769
87 3770
944 3771
664 3772
622 3773
105 3774
8 3775
70 3776
20 3777
20 3778
441 3779
673 3780
917 3781
320 3782
311 3783
711 3784
5 3785
733 3786
69 3787
831 3788
778 3789
829 3790
86 3791
828 3792
677 3793
285 3794
111 3795
822 3796
559 3797
335 3798
539 3799
997 3800
807 3801
252 3802
86 3803
239 3804
65 3805
440 3806
511 3807
980 3808
168 3809
918 3810
656 3811
761 3812
559 3813
998 3814
959 3815
754 3816
133 3817
789 3818
746 3819
35 3820
263 3821
252 3822
910 3823
488 3824
978 3825
667 3826
793 3827
355 3828
626 3829
695 3830
825 3831
766 3832
604 3833
57 3834
76 3835
666 3836
11 3837
401 3838
49 3839
295 3840
105 3841
971 3842
527 3843
125 3844
555 3845
225 3846
837 3847
778 3848
443 3849
289 3850
258 3851
909 3852
888 3853
640 3854
382 3855
891 3856
608 3857
759 3858
24 3859
200 3860
105 3861
206 3862
249 3863
969 3864
253 3865
710 3866
944 3867
807 3868
988 3869
899 3870
688 3871
13 3872
414 3873
849 3874
624 3875
486 3876
705 3877
166 3878
489 3879
737 3880
199 3881
329 3882
901 3883
455 3884
308 3885
218 3886
325 3887
367 3888
703 3889
274 3890
556 3891
294 3892
239 3893
572 3894
731 3895
37 3896
720 3897
36 3898
788 3899
566 3900
781 3901
238 3902
939 3903
792 3904
784 3905
842 3906
881 3907
835 3908
224 3909
223 3910
979 3911
5 3912
307 3913
390 3914
571 3915
175 3916
436 3917
137 3918
709 3919
130 3920
342 3921
771 3922
205 3923
150 3924
290 3925
353 3926
175 3927
987 3928
149 3929
562 3930
535 3931
817 3932
966 3933
651 3934
530 3935
942 3936
614 3937
246 3938
996 3939
134 3940
425 3941
955 3942
283 3943
240 3944
612 3945
655 3946
996 3947
542 3948
512 3949
709 3950
485 3951
749 3952
710 3953
587 3954
155 3955
942 3956
850 3957
110 3958
165 3959
188 3960
21 3961
968 3962
480 3963
166 3964
374 3965
297 3966
869 3967
56 3968
177 3969
203 3970
568 3971
77 3972
875 3973
619 3974
361 3975
56 3976
301 3977
693 3978
736 3979
836 3980
727 3981
478 3982
821 3983
447 3984
398 3985
600 3986
118 3987
654 3988
233 3989
794 3990
501 3991
429 3992
760 3993
174 3994
217 3995
727 3996
862 3997
32 3998
115 3999
917 4000
385 4001
867 4002
28 4003
866 4004
399 4005
861 4006
622 4007
118 4008
500 4009
78 4010
720 4011
768 4012
369 4013
845 4014
101 4015
266 4016
407 4017
308 4018
175 4019
472 4020
772 4021
286 4022
735 4023
553 4024
197 4025
949 4026
937 4027
578 4028
845 4029
640 4030
878 4031
127 4032
325 4033
237 4034
338 4035
203 4036
613 4037
563 4038
688 4039
513 4040
977 4041
4 4042
402 4043
788 4044
911 4045
441 4046
389 4047
132 4048
376 4049
911 4050
772 4051
82 4052
598 4053
160 4054
332 4055
823 4056
269 4057
69 4058
432 4059
840 4060
692 4061
834 4062
982 4063
940 4064
190 4065
322 4066
593 4067
528 4068
924 4069
997 4070
168 4071
147 4072
141 4073
367 4074
375 4075
382 4076
689 4077
827 4078
733 4079
631 4080
122 4081
528 4082
886 4083
910 4084
860 4085
154 4086
970 4087
86 4088
623 4089
156 4090
326 4091
600 4092
867 4093
485 4094
929 4095
965 4096
347 4097
745 4098
721 4099
251 4100
460 4101
130 4102
351 4103
810 4104
808 4105
981 4106
64 4107
7 4108
526 4109
954 4110
165 4111
393 4112
797 4113
983 4114
862 4115
650 4116
969 4117
468 4118
83 4119
79 4120
476 4121
612 4122
307 4123
916 4124
321 4125
162 4126
976 4127
930 4128
573 4129
370 4130
482 4131
282 4132
911 4133
858 4134
739 4135
415 4136
665 4137
368 4138
187 4139
855 4140
735 4141
6 4142
398 4143
706 4144
264 4145
716 4146
642 4147
431 4148
891 4149
692 4150
13 4151
122 4152
756 4153
916 4154
431 4155
114 4156
30 4157
359 4158
59 4159
915 4160
283 4161
909 4162
468 4163
807 4164
986 4165
237 4166
54 4167
226 4168
345 4169
664 4170
834 4171
622 4172
955 4173
791 4174
590 4175
980 4176
491 4177
943 4178
700 4179
188 4180
314 4181
116 4182
90 4183
959 4184
262 4185
325 4186
50 4187
491 4188
995 4189
502 4190
98 4191
119 4192
534 4193
851 4194
103 4195
976 4196
656 4197
20 4198
230 4199
931 4200
583 4201
779 4202
692 4203
971 4204
315 4205
350 4206
886 4207
973 4208
392 4209
961 4210
411 4211
59 4212
255 4213
724 4214
856 4215
150 4216
970 4217
173 4218
652 4219
383 4220
8 4221
711 4222
694 4223
400 4224
789 4225
531 4226
643 4227
678 4228
678 4229
421 4230
421 4231
497 4232
524 4233
475 4234
744 4235
608 4236
735 4237
114 4238
647 4239
335 4240
980 4241
842 4242
446 4243
450 4244
218 4245
890 4246
305 4247
910 4248
193 4249
342 4250
21 4251
558 4252
348 4253
264 4254
965 4255
428 4256
153 4257
526 4258
945 4259
536 4260
839 4261
515 4262
457 4263
318 4264
255 4265
984 4266
344 4267
667 4268
158 4269
443 4270
447 4271
64 4272
450 4273
968 4274
79 4275
970 4276
730 4277
688 4278
644 4279
505 4280
723 4281
256 4282
774 4283
55 4284
856 4285
371 4286
177 4287
764 4288
138 4289
794 4290
927 4291
448 4292
177 4293
603 4294
156 4295
904 4296
433 4297
688 4298
907 4299
325 4300
552 4301
930 4302
776 4303
513 4304
864 4305
37 4306
645 4307
267 4308
344 4309
885 4310
296 4311
157 4312
687 4313
417 4314
661 4315
420 4316
860 4317
168 4318
576 4319
87 4320
127 4321
769 4322
646 4323
44 4324
756 4325
919 4326
317 4327
584 4328
194 4329
213 4330
217 4331
494 4332
375 4333
790 4334
640 4335
921 4336
462 4337
824 4338
616 4339
189 4340
171 4341
178 4342
903 4343
907 4344
622 4345
108 4346
731 4347
931 4348
15 4349
253 4350
164 4351
199 4352
449 4353
499 4354
455 4355
157 4356
433 4357
854 4358
652 4359
110 4360
9 4361
494 4362
586 4363
285 4364
640 4365
935 4366
729 4367
650 4368
893 4369
114 4370
992 4371
855 4372
812 4373
422 4374
16 4375
146 4376
7 4377
686 4378
97 4379
69 4380
697 4381
620 4382
316 4383
250 4384
303 4385
806 4386
768 4387
427 4388
320 4389
497 4390
857 4391
585 4392
295 4393
548 4394
230 4395
851 4396
158 4397
206 4398
946 4399
178 4400
141 4401
2 4402
909 4403
123 4404
891 4405
401 4406
243 4407
924 4408
891 4409
56 4410
774 4411
122 4412
307 4413
189 4414
695 4415
514 4416
530 4417
596 4418
139 4419
926 4420
320 4421
327 4422
844 4423
467 4424
571 4425
165 4426
893 4427
81 4428
687 4429
370 4430
410 4431
570 4432
669 4433
664 4434
31 4435
583 4436
55 4437
363 4438
800 4439
871 4440
570 4441
667 4442
305 4443
809 4444
805 4445
110 4446
415 4447
917 4448
377 4449
781 4450
415 4451
998 4452
594 4453
824 4454
741 4455
98 4456
302 4457
220 4458
455 4459
829 4460
851 4461
659 4462
459 4463
546 4464
277 4465
588 4466
158 4467
564 4468
744 4469
181 4470
191 4471
44 4472
907 4473
279 4474
836 4475
660 4476
406 4477
625 4478
499 4479
204 4480
501 4481
119 4482
579 4483
490 4484
325 4485
92 4486
356 4487
407 4488
823 4489
126 4490
92 4491
456 4492
227 4493
929 4494
108 4495
178 4496
943 4497
503 4498
923 4499
666 4500
655 4501
726 4502
833 4503
779 4504
175 4505
730 4506
110 4507
865 4508
351 4509
741 4510
491 4511
6 4512
198 4513
916 4514
377 4515
219 4516
722 4517
164 4518
17 4519
210 4520
111 4521
845 4522
349 4523
825 4524
183 4525
269 4526
893 4527
657 4528
48 4529
520 4530
20 4531
688 4532
508 4533
727 4534
124 4535
836 4536
589 4537
870 4538
934 4539
193 4540
135 4541
859 4542
615 4543
309 4544
171 4545
19 4546
224 4547
505 4548
553 4549
535 4550
429 4551
211 4552
317 4553
416 4554
64 4555
538 4556
878 4557
390 4558
726 4559
529 4560
851 4561
759 4562
978 4563
936 4564
46 4565
142 4566
681 4567
863 4568
238 4569
394 4570
486 4571
76 4572
815 4573
305 4574
543 4575
983 4576
229 4577
589 4578
296 4579
404 4580
537 4581
862 4582
350 4583
929 4584
234 4585
887 4586
214 4587
161 4588
496 4589
237 4590
807 4591
224 4592
14 4593
421 4594
694 4595
752 4596
806 4597
861 4598
569 4599
555 4600
849 4601
7 4602
5 4603
986 4604
935 4605
338 4606
699 4607
789 4608
891 4609
97 4610
905 4611
708 4612
722 4613
495 4614
917 4615
77 4616
526 4617
691 4618
304 4619
303 4620
711 4621
145 4622
784 4623
295 4624
841 4625
481 4626
126 4627
913 4628
579 4629
164 4630
66 4631
33 4632
791 4633
28 4634
795 4635
130 4636
62 4637
139 4638
956 4639
535 4640
550 4641
791 4642
427 4643
480 4644
182 4645
180 4646
787 4647
647 4648
32 4649
963 4650
740 4651
772 4652
752 4653
146 4654
218 4655
110 4656
581 4657
227 4658
68 4659
699 4660
182 4661
794 4662
901 4663
1 4664
375 4665
785 4666
296 4667
685 4668
92 4669
358 4670
96 4671
221 4672
469 4673
767 4674
838 4675
753 4676
474 4677
125 4678
294 4679
823 4680
233 4681
991 4682
460 4683
880 4684
878 4685
736 4686
419 4687
996 4688
818 4689
28 4690
910 4691
893 4692
455 4693
654 4694
787 4695
819 4696
250 4697
918 4698
244 4699
868 4700
874 4701
34 4702
192 4703
662 4704
857 4705
898 4706
178 4707
527 4708
953 4709
696 4710
992 4711
837 4712
16 4713
304 4714
999 4715
674 4716
63 4717
500 4718
916 4719
563 4720
79 4721
795 4722
110 4723
785 4724
261 4725
347 4726
883 4727
663 4728
776 4729
380 4730
744 4731
92 4732
816 4733
135 4734
229 4735
796 4736
793 4737
599 4738
855 4739
610 4740
761 4741
959 4742
648 4743
113 4744
910 4745
741 4746
260 4747
243 4748
379 4749
557 4750
686 4751
73 4752
765 4753
216 4754
259 4755
629 4756
257 4757
398 4758
564 4759
132 4760
416 4761
434 4762
962 4763
512 4764
349 4765
94 4766
405 4767
981 4768
766 4769
135 4770
573 4771
242 4772
530 4773
905 4774
245 4775
890 4776
83 4777
990 4778
677 4779
340 4780
387 4781
883 4782
151 4783
911 4784
683 4785
60 4786
708 4787
954 4788
818 4789
497 4790
656 4791
643 4792
43 4793
121 4794
131 4795
551 4796
162 4797
966 4798
905 4799
858 4800
136 4801
776 4802
405 4803
935 4804
453 4805
455 4806
985 4807
529 4808
878 4809
747 4810
585 4811
755 4812
903 4813
151 4814
721 4815
813 4816
50 4817
174 4818
715 4819
720 4820
416 4821
28 4822
966 4823
500 4824
936 4825
327 4826
620 4827
368 4828
734 4829
807 4830
594 4831
258 4832
206 4833
876 4834
485 4835
936 4836
209 4837
688 4838
747 4839
46 4840
743 4841
21 4842
848 4843
784 4844
302 4845
496 4846
482 4847
635 4848
953 4849
646 4850
831 4851
463 4852
477 4853
301 4854
214 4855
127 4856
248 4857
718 4858
859 4859
628 4860
570 4861
298 4862
551 4863
599 4864
385 4865
99 4866
319 4867
998 4868
40 4869
380 4870
395 4871
505 4872
303 4873
899 4874
698 4875
925 4876
449 4877
446 4878
44 4879
888 4880
889 4881
412 4882
976 4883
150 4884
519 4885
790 4886
176 4887
68 4888
842 4889
502 4890
345 4891
427 4892
430 4893
582 4894
839 4895
415 4896
24 4897
883 4898
705 4899
73 4900
671 4901
4 4902
9 4903
162 4904
358 4905
246 4906
199 4907
944 4908
535 4909
458 4910
158 4911
134 4912
298 4913
489 4914
598 4915
487 4916
14 4917
966 4918
468 4919
219 4920
151 4921
965 4922
711 4923
437 4924
97 4925
195 4926
972 4927
596 4928
348 4929
750 4930
813 4931
385 4932
624 4933
190 4934
117 4935
88 4936
43 4937
237 4938
479 4939
115 4940
705 4941
683 4942
560 4943
587 4944
187 4945
132 4946
817 4947
984 4948
763 4949
622 4950
530 4951
131 4952
551 4953
941 4954
116 4955
762 4956
916 4957
138 4958
677 4959
684 4960
452 4961
764 4962
873 4963
429 4964
211 4965
733 4966
463 4967
12 4968
439 4969
128 4970
34 4971
140 4972
430 4973
969 4974
737 4975
584 4976
277 4977
678 4978
746 4979
586 4980
54 4981
316 4982
410 4983
405 4984
825 4985
574 4986
855 4987
9 4988
950 4989
337 4990
362 4991
40 4992
377 4993
299 4994
951 4995
135 4996
464 4997
886 4998
7 4999
478 5000
